3,-20,0.0278,0,5.11
3,-19.9,0.0275,0,5.11
3,-19.8,0.0272,0,5.11
3,-19.7,0.0269,0,5.11
3,-19.6,0.0266,0,5.11
3,-19.5,0.0263,0,5.12
3,-19.4,0.026,0,5.12
3,-19.3,0.0257,0,5.12
3,-19.2,0.0254,0,5.12
3,-19.1,0.0251,0,5.12
3,-19,0.0249,0,5.12
3,-18.9,0.0246,0,5.13
3,-18.8,0.0243,0,5.13
3,-18.7,0.024,0,5.13
3,-18.6,0.0237,0,5.13
3,-18.5,0.0234,0,5.13
3,-18.4,0.0231,0,5.13
3,-18.3,0.0229,0,5.14
3,-18.2,0.0226,0,5.14
3,-18.1,0.0223,0,5.14
3,-18,0.022,0,5.14
3,-17.9,0.0218,0,5.14
3,-17.8,0.0215,0,5.14
3,-17.7,0.0212,0,5.14
3,-17.6,0.021,0,5.15
3,-17.5,0.0207,0,5.15
3,-17.4,0.0204,0,5.15
3,-17.3,0.0202,0,5.15
3,-17.2,0.0199,0,5.15
3,-17.1,0.0197,0,5.15
3,-17,0.0194,0,5.15
3,-16.9,0.0192,0,5.15
3,-16.8,0.0189,0,5.16
3,-16.7,0.0187,0,5.16
3,-16.6,0.0184,0,5.16
3,-16.5,0.0182,0,5.16
3,-16.4,0.0179,0,5.16
3,-16.3,0.0177,0,5.16
3,-16.2,0.0174,0,5.16
3,-16.1,0.0172,0,5.16
3,-16,0.017,0,5.17
3,-15.9,0.0167,0,5.17
3,-15.8,0.0165,0,5.17
3,-15.7,0.0162,0,5.17
3,-15.6,0.016,0,5.17
3,-15.5,0.0158,0,5.17
3,-15.4,0.0156,0,5.17
3,-15.3,0.0153,0,5.17
3,-15.2,0.0151,0,5.17
3,-15.1,0.0149,0,5.17
3,-15,0.0147,0,5.18
3,-14.9,0.0145,0,5.18
3,-14.8,0.0142,0,5.18
3,-14.7,0.014,0,5.18
3,-14.6,0.0138,0,5.18
3,-14.5,0.0136,0,5.18
3,-14.4,0.0134,0,5.18
3,-14.3,0.0132,0,5.18
3,-14.2,0.013,0,5.18
3,-14.1,0.0128,0,5.18
3,-14,0.0126,0,5.18
3,-13.9,0.0124,0,5.19
3,-13.8,0.0122,0,5.19
3,-13.7,0.012,0,5.19
3,-13.6,0.0118,0,5.19
3,-13.5,0.0116,0,5.19
3,-13.4,0.0114,0,5.19
3,-13.3,0.0112,0,5.19
3,-13.2,0.0111,0,5.19
3,-13.1,0.0109,0,5.19
3,-13,0.0107,0,5.19
3,-12.9,0.0105,0,5.19
3,-12.8,0.0103,0,5.19
3,-12.7,0.0102,0,5.19
3,-12.6,0.00998,0,5.2
3,-12.5,0.00981,0,5.2
3,-12.4,0.00964,0,5.2
3,-12.3,0.00947,0,5.2
3,-12.2,0.0093,0,5.2
3,-12.1,0.00914,0,5.2
3,-12,0.00898,0,5.2
3,-11.9,0.00882,0,5.2
3,-11.8,0.00866,0,5.2
3,-11.7,0.0085,0,5.2
3,-11.6,0.00834,0,5.2
3,-11.5,0.00819,0,5.2
3,-11.4,0.00804,0,5.2
3,-11.3,0.00789,0,5.2
3,-11.2,0.00774,0,5.2
3,-11.1,0.0076,0,5.2
3,-11,0.00745,0,5.2
3,-10.9,0.00731,0,5.2
3,-10.8,0.00717,0,5.21
3,-10.7,0.00703,0,5.21
3,-10.6,0.00689,0,5.21
3,-10.5,0.00676,0,5.21
3,-10.4,0.00662,0,5.21
3,-10.3,0.00649,0,5.21
3,-10.2,0.00636,0,5.21
3,-10.1,0.00623,0,5.21
3,-10,0.00611,0,5.21
3,-9.9,0.00598,0,5.21
3,-9.8,0.00586,0,5.21
3,-9.7,0.00574,0,5.21
3,-9.6,0.00562,0,5.21
3,-9.5,0.0055,0,5.21
3,-9.4,0.00538,0,5.21
3,-9.3,0.00527,0,5.21
3,-9.2,0.00516,0,5.21
3,-9.1,0.00504,0,5.21
3,-9,0.00493,0,5.21
3,-8.9,0.00483,0,5.21
3,-8.8,0.00472,0,5.21
3,-8.7,0.00462,0,5.21
3,-8.6,0.00451,0,5.21
3,-8.5,0.00441,0,5.21
3,-8.4,0.00431,0,5.21
3,-8.3,0.00421,0,5.21
3,-8.2,0.00412,0,5.21
3,-8.1,0.00402,0,5.21
3,-8,0.00393,0,5.21
3,-7.9,0.00383,0,5.22
3,-7.8,0.00374,0,5.22
3,-7.7,0.00365,0,5.22
3,-7.6,0.00357,0,5.22
3,-7.5,0.00348,0,5.22
3,-7.4,0.00339,0,5.22
3,-7.3,0.00331,0,5.22
3,-7.2,0.00323,0,5.22
3,-7.1,0.00315,0,5.22
3,-7,0.00307,0,5.22
3,-6.9,0.00299,0,5.22
3,-6.8,0.00291,0,5.22
3,-6.7,0.00284,0,5.22
3,-6.6,0.00276,0,5.22
3,-6.5,0.00269,0,5.22
3,-6.4,0.00262,0,5.22
3,-6.3,0.00255,0,5.22
3,-6.2,0.00248,0,5.22
3,-6.1,0.00241,0,5.22
3,-6,0.00235,0,5.22
3,-5.9,0.00228,0,5.22
3,-5.8,0.00222,0,5.22
3,-5.7,0.00215,0,5.22
3,-5.6,0.00209,0,5.22
3,-5.5,0.00203,0,5.22
3,-5.4,0.00197,0,5.22
3,-5.3,0.00191,0,5.22
3,-5.2,0.00186,0,5.22
3,-5.1,0.0018,0,5.22
3,-5,0.00175,0,5.22
3,-4.9,0.00169,0,5.22
3,-4.8,0.00164,0,5.22
3,-4.7,0.00159,0,5.22
3,-4.6,0.00154,0,5.22
3,-4.5,0.00149,0,5.22
3,-4.4,0.00144,0,5.22
3,-4.3,0.00139,0,5.22
3,-4.2,0.00134,0,5.22
3,-4.1,0.00129,0,5.22
3,-4,0.00125,0,5.22
3,-3.9,0.0012,0,5.22
3,-3.8,0.00116,0,5.22
3,-3.7,0.00112,0,5.22
3,-3.6,0.00108,0,5.22
3,-3.5,0.00103,0,5.22
3,-3.4,0.000993,0,5.22
3,-3.3,0.000952,0,5.22
3,-3.2,0.000913,0,5.22
3,-3.1,0.000874,0,5.22
3,-3,0.000836,0,5.22
3,-2.9,0.000799,0,5.22
3,-2.8,0.000762,0,5.22
3,-2.7,0.000726,0,5.22
3,-2.6,0.00069,0,5.22
3,-2.5,0.000655,0,5.22
3,-2.4,0.00062,0,5.22
3,-2.3,0.000586,0,5.22
3,-2.2,0.000553,0,5.22
3,-2.1,0.00052,0,5.22
3,-2,0.000487,0,5.22
3,-1.9,0.000455,0,5.22
3,-1.8,0.000423,0,5.22
3,-1.7,0.000391,0,5.22
3,-1.6,0.00036,0,5.22
3,-1.5,0.000329,0,5.22
3,-1.4,0.000299,0,5.22
3,-1.3,0.000269,0,5.22
3,-1.2,0.000239,0,5.22
3,-1.1,0.000209,0,5.22
3,-1,0.00018,0,5.22
3,-0.9,0.000151,0,5.22
3,-0.8,0.000122,0,5.22
3,-0.7,9.29e-05,0,5.22
3,-0.6,6.42e-05,0,5.22
3,-0.5,3.56e-05,0,5.22
3,-0.4,7.13e-06,0,5.22
3,-0.3,2.13e-05,0,5.22
3,-0.2,4.97e-05,0,5.22
3,-0.1,7.8e-05,0,5.22
3,0,0.000106,0,5.22
3,0.1,0.000135,0,5.22
3,0.2,0.000163,0,5.22
3,0.3,0.000192,0,5.22
3,0.4,0.00022,0,5.22
3,0.5,0.000249,0,5.22
3,0.6,0.000277,0,5.22
3,0.7,0.000306,0,5.22
3,0.8,0.000336,0,5.22
3,0.9,0.000365,0,5.22
3,1,0.000394,0,5.22
3,1.1,0.000424,0,5.22
3,1.2,0.000454,0,5.22
3,1.3,0.000484,0,5.22
3,1.4,0.000515,0,5.22
3,1.5,0.000546,0,5.22
3,1.6,0.000577,0,5.22
3,1.7,0.000609,0,5.22
3,1.8,0.000641,0,5.22
3,1.9,0.000673,0,5.22
3,2,0.000706,0,5.22
3,2.1,0.000739,0,5.22
3,2.2,0.000773,0,5.22
3,2.3,0.000807,0,5.22
3,2.4,0.000842,0,5.22
3,2.5,0.000878,0,5.22
3,2.6,0.000914,0,5.22
3,2.7,0.00095,0,5.22
3,2.8,0.000987,0,5.22
3,2.9,0.00102,0,5.22
3,3,0.00106,0,5.22
3,3.1,0.0011,0,5.22
3,3.2,0.00114,0,5.22
3,3.3,0.00118,0,5.22
3,3.4,0.00122,0,5.22
3,3.5,0.00127,0,5.22
3,3.6,0.00131,0,5.22
3,3.7,0.00135,0,5.22
3,3.8,0.0014,0,5.22
3,3.9,0.00144,0,5.22
3,4,0.00149,0,5.22
3,4.1,0.00153,0,5.22
3,4.2,0.00158,0,5.22
3,4.3,0.00163,0,5.22
3,4.4,0.00168,0,5.22
3,4.5,0.00173,0,5.22
3,4.6,0.00178,0,5.22
3,4.7,0.00183,0,5.22
3,4.8,0.00189,0,5.22
3,4.9,0.00194,0,5.22
3,5,0.002,0,5.22
3,5.1,0.00205,0,5.22
3,5.2,0.00211,0,5.22
3,5.3,0.00217,0,5.22
3,5.4,0.00223,0,5.22
3,5.5,0.00229,0,5.22
3,5.6,0.00235,0,5.22
3,5.7,0.00242,0,5.22
3,5.8,0.00248,0,5.22
3,5.9,0.00255,0,5.22
3,6,0.00261,0,5.22
3,6.1,0.00268,0,5.22
3,6.2,0.00275,0,5.22
3,6.3,0.00282,0,5.22
3,6.4,0.00289,0,5.22
3,6.5,0.00297,0,5.22
3,6.6,0.00304,0,5.22
3,6.7,0.00312,0,5.22
3,6.8,0.0032,0,5.22
3,6.9,0.00327,0,5.22
3,7,0.00335,0,5.22
3,7.1,0.00344,0,5.22
3,7.2,0.00352,0,5.22
3,7.3,0.0036,0,5.22
3,7.4,0.00369,0,5.22
3,7.5,0.00378,0,5.21
3,7.6,0.00386,0,5.21
3,7.7,0.00395,0,5.21
3,7.8,0.00405,0,5.21
3,7.9,0.00414,0,5.21
3,8,0.00423,0,5.21
3,8.1,0.00433,0,5.21
3,8.2,0.00443,0,5.21
3,8.3,0.00453,0,5.21
3,8.4,0.00463,0,5.21
3,8.5,0.00473,0,5.21
3,8.6,0.00483,0,5.21
3,8.7,0.00494,0,5.21
3,8.8,0.00504,0,5.21
3,8.9,0.00515,0,5.21
3,9,0.00526,0,5.21
3,9.1,0.00538,0,5.21
3,9.2,0.00549,0,5.21
3,9.3,0.0056,0,5.21
3,9.4,0.00572,0,5.21
3,9.5,0.00584,0,5.21
3,9.6,0.00596,0,5.21
3,9.7,0.00608,0,5.21
3,9.8,0.00621,0,5.21
3,9.9,0.00633,0,5.21
3,10,0.00646,0,5.21
3,10.1,0.00659,0,5.21
3,10.2,0.00672,0,5.21
3,10.3,0.00685,0,5.21
3,10.4,0.00699,0,5.21
3,10.5,0.00712,0,5.2
3,10.6,0.00726,0,5.2
3,10.7,0.0074,0,5.2
3,10.8,0.00754,0,5.2
3,10.9,0.00768,0,5.2
3,11,0.00783,0,5.2
3,11.1,0.00797,0,5.2
3,11.2,0.00812,0,5.2
3,11.3,0.00827,0,5.2
3,11.4,0.00843,0,5.2
3,11.5,0.00858,0,5.2
3,11.6,0.00874,0,5.2
3,11.7,0.00889,0,5.2
3,11.8,0.00905,0,5.2
3,11.9,0.00921,0,5.2
3,12,0.00938,0,5.2
3,12.1,0.00954,0,5.2
3,12.2,0.00971,0,5.2
3,12.3,0.00988,0,5.19
3,12.4,0.01,0,5.19
3,12.5,0.0102,0,5.19
3,12.6,0.0104,0,5.19
3,12.7,0.0106,0,5.19
3,12.8,0.0108,0,5.19
3,12.9,0.0109,0,5.19
3,13,0.0111,0,5.19
3,13.1,0.0113,0,5.19
3,13.2,0.0115,0,5.19
3,13.3,0.0117,0,5.19
3,13.4,0.0119,0,5.19
3,13.5,0.0121,0,5.19
3,13.6,0.0122,0,5.19
3,13.7,0.0124,0,5.18
3,13.8,0.0126,0,5.18
3,13.9,0.0128,0,5.18
3,14,0.013,0,5.18
3,14.1,0.0132,0,5.18
3,14.2,0.0134,0,5.18
3,14.3,0.0136,0,5.18
3,14.4,0.0139,0,5.18
3,14.5,0.0141,0,5.18
3,14.6,0.0143,0,5.18
3,14.7,0.0145,0,5.18
3,14.8,0.0147,0,5.17
3,14.9,0.0149,0,5.17
3,15,0.0151,0,5.17
3,15.1,0.0154,0,5.17
3,15.2,0.0156,0,5.17
3,15.3,0.0158,0,5.17
3,15.4,0.016,0,5.17
3,15.5,0.0163,0,5.17
3,15.6,0.0165,0,5.17
3,15.7,0.0167,0,5.17
3,15.8,0.017,0,5.16
3,15.9,0.0172,0,5.16
3,16,0.0174,0,5.16
3,16.1,0.0177,0,5.16
3,16.2,0.0179,0,5.16
3,16.3,0.0182,0,5.16
3,16.4,0.0184,0,5.16
3,16.5,0.0187,0,5.16
3,16.6,0.0189,0,5.15
3,16.7,0.0192,0,5.15
3,16.8,0.0194,0,5.15
3,16.9,0.0197,0,5.15
3,17,0.0199,0,5.15
3,17.1,0.0202,0,5.15
3,17.2,0.0204,0,5.15
3,17.3,0.0207,0,5.15
3,17.4,0.021,0,5.14
3,17.5,0.0212,0,5.14
3,17.6,0.0215,0,5.14
3,17.7,0.0218,0,5.14
3,17.8,0.022,0,5.14
3,17.9,0.0223,0,5.14
3,18,0.0226,0,5.14
3,18.1,0.0229,0,5.13
3,18.2,0.0231,0,5.13
3,18.3,0.0234,0,5.13
3,18.4,0.0237,0,5.13
3,18.5,0.024,0,5.13
3,18.6,0.0243,0,5.13
3,18.7,0.0245,0,5.12
3,18.8,0.0248,0,5.12
3,18.9,0.0251,0,5.12
3,19,0.0254,0,5.12
3,19.1,0.0257,0,5.12
3,19.2,0.026,0,5.12
3,19.3,0.0263,0,5.11
3,19.4,0.0266,0,5.11
3,19.5,0.0269,0,5.11
3,19.6,0.0272,0,5.11
3,19.7,0.0275,0,5.11
3,19.8,0.0278,0,5.11
3,19.9,0.0281,0,5.1
3,20,0.0284,0,5.1
3.5,-20,0.0324,0,5.11
3.5,-19.9,0.032,0,5.11
3.5,-19.8,0.0317,0,5.11
3.5,-19.7,0.0313,0,5.11
3.5,-19.6,0.031,0,5.12
3.5,-19.5,0.0306,0,5.12
3.5,-19.4,0.0303,0,5.12
3.5,-19.3,0.0299,0,5.12
3.5,-19.2,0.0296,0,5.12
3.5,-19.1,0.0293,0,5.12
3.5,-19,0.0289,0,5.13
3.5,-18.9,0.0286,0,5.13
3.5,-18.8,0.0282,0,5.13
3.5,-18.7,0.0279,0,5.13
3.5,-18.6,0.0276,0,5.13
3.5,-18.5,0.0273,0,5.13
3.5,-18.4,0.0269,0,5.14
3.5,-18.3,0.0266,0,5.14
3.5,-18.2,0.0263,0,5.14
3.5,-18.1,0.026,0,5.14
3.5,-18,0.0256,0,5.14
3.5,-17.9,0.0253,0,5.14
3.5,-17.8,0.025,0,5.14
3.5,-17.7,0.0247,0,5.15
3.5,-17.6,0.0244,0,5.15
3.5,-17.5,0.0241,0,5.15
3.5,-17.4,0.0238,0,5.15
3.5,-17.3,0.0235,0,5.15
3.5,-17.2,0.0232,0,5.15
3.5,-17.1,0.0229,0,5.15
3.5,-17,0.0226,0,5.15
3.5,-16.9,0.0223,0,5.16
3.5,-16.8,0.022,0,5.16
3.5,-16.7,0.0217,0,5.16
3.5,-16.6,0.0214,0,5.16
3.5,-16.5,0.0211,0,5.16
3.5,-16.4,0.0208,0,5.16
3.5,-16.3,0.0205,0,5.16
3.5,-16.2,0.0202,0,5.16
3.5,-16.1,0.02,0,5.17
3.5,-16,0.0197,0,5.17
3.5,-15.9,0.0194,0,5.17
3.5,-15.8,0.0191,0,5.17
3.5,-15.7,0.0189,0,5.17
3.5,-15.6,0.0186,0,5.17
3.5,-15.5,0.0183,0,5.17
3.5,-15.4,0.0181,0,5.17
3.5,-15.3,0.0178,0,5.17
3.5,-15.2,0.0175,0,5.18
3.5,-15.1,0.0173,0,5.18
3.5,-15,0.017,0,5.18
3.5,-14.9,0.0168,0,5.18
3.5,-14.8,0.0165,0,5.18
3.5,-14.7,0.0163,0,5.18
3.5,-14.6,0.016,0,5.18
3.5,-14.5,0.0158,0,5.18
3.5,-14.4,0.0155,0,5.18
3.5,-14.3,0.0153,0,5.18
3.5,-14.2,0.0151,0,5.18
3.5,-14.1,0.0148,0,5.19
3.5,-14,0.0146,0,5.19
3.5,-13.9,0.0144,0,5.19
3.5,-13.8,0.0141,0,5.19
3.5,-13.7,0.0139,0,5.19
3.5,-13.6,0.0137,0,5.19
3.5,-13.5,0.0135,0,5.19
3.5,-13.4,0.0132,0,5.19
3.5,-13.3,0.013,0,5.19
3.5,-13.2,0.0128,0,5.19
3.5,-13.1,0.0126,0,5.19
3.5,-13,0.0124,0,5.19
3.5,-12.9,0.0122,0,5.19
3.5,-12.8,0.012,0,5.19
3.5,-12.7,0.0118,0,5.2
3.5,-12.6,0.0116,0,5.2
3.5,-12.5,0.0114,0,5.2
3.5,-12.4,0.0112,0,5.2
3.5,-12.3,0.011,0,5.2
3.5,-12.2,0.0108,0,5.2
3.5,-12.1,0.0106,0,5.2
3.5,-12,0.0104,0,5.2
3.5,-11.9,0.0102,0,5.2
3.5,-11.8,0.01,0,5.2
3.5,-11.7,0.00983,0,5.2
3.5,-11.6,0.00965,0,5.2
3.5,-11.5,0.00947,0,5.2
3.5,-11.4,0.00929,0,5.2
3.5,-11.3,0.00912,0,5.2
3.5,-11.2,0.00895,0,5.2
3.5,-11.1,0.00878,0,5.2
3.5,-11,0.00861,0,5.2
3.5,-10.9,0.00844,0,5.21
3.5,-10.8,0.00828,0,5.21
3.5,-10.7,0.00812,0,5.21
3.5,-10.6,0.00796,0,5.21
3.5,-10.5,0.0078,0,5.21
3.5,-10.4,0.00764,0,5.21
3.5,-10.3,0.00749,0,5.21
3.5,-10.2,0.00734,0,5.21
3.5,-10.1,0.00719,0,5.21
3.5,-10,0.00704,0,5.21
3.5,-9.9,0.0069,0,5.21
3.5,-9.8,0.00675,0,5.21
3.5,-9.7,0.00661,0,5.21
3.5,-9.6,0.00647,0,5.21
3.5,-9.5,0.00634,0,5.21
3.5,-9.4,0.0062,0,5.21
3.5,-9.3,0.00607,0,5.21
3.5,-9.2,0.00594,0,5.21
3.5,-9.1,0.00581,0,5.21
3.5,-9,0.00568,0,5.21
3.5,-8.9,0.00555,0,5.21
3.5,-8.8,0.00543,0,5.21
3.5,-8.7,0.00531,0,5.21
3.5,-8.6,0.00519,0,5.21
3.5,-8.5,0.00507,0,5.21
3.5,-8.4,0.00496,0,5.21
3.5,-8.3,0.00484,0,5.21
3.5,-8.2,0.00473,0,5.21
3.5,-8.1,0.00462,0,5.22
3.5,-8,0.00451,0,5.22
3.5,-7.9,0.0044,0,5.22
3.5,-7.8,0.0043,0,5.22
3.5,-7.7,0.00419,0,5.22
3.5,-7.6,0.00409,0,5.22
3.5,-7.5,0.00399,0,5.22
3.5,-7.4,0.00389,0,5.22
3.5,-7.3,0.0038,0,5.22
3.5,-7.2,0.0037,0,5.22
3.5,-7.1,0.00361,0,5.22
3.5,-7,0.00351,0,5.22
3.5,-6.9,0.00342,0,5.22
3.5,-6.8,0.00334,0,5.22
3.5,-6.7,0.00325,0,5.22
3.5,-6.6,0.00316,0,5.22
3.5,-6.5,0.00308,0,5.22
3.5,-6.4,0.003,0,5.22
3.5,-6.3,0.00291,0,5.22
3.5,-6.2,0.00284,0,5.22
3.5,-6.1,0.00276,0,5.22
3.5,-6,0.00268,0,5.22
3.5,-5.9,0.00261,0,5.22
3.5,-5.8,0.00253,0,5.22
3.5,-5.7,0.00246,0,5.22
3.5,-5.6,0.00239,0,5.22
3.5,-5.5,0.00232,0,5.22
3.5,-5.4,0.00225,0,5.22
3.5,-5.3,0.00218,0,5.22
3.5,-5.2,0.00212,0,5.22
3.5,-5.1,0.00205,0,5.22
3.5,-5,0.00199,0,5.22
3.5,-4.9,0.00193,0,5.22
3.5,-4.8,0.00187,0,5.22
3.5,-4.7,0.00181,0,5.22
3.5,-4.6,0.00175,0,5.22
3.5,-4.5,0.00169,0,5.22
3.5,-4.4,0.00163,0,5.22
3.5,-4.3,0.00158,0,5.22
3.5,-4.2,0.00152,0,5.22
3.5,-4.1,0.00147,0,5.22
3.5,-4,0.00142,0,5.22
3.5,-3.9,0.00137,0,5.22
3.5,-3.8,0.00132,0,5.22
3.5,-3.7,0.00127,0,5.22
3.5,-3.6,0.00122,0,5.22
3.5,-3.5,0.00117,0,5.22
3.5,-3.4,0.00112,0,5.22
3.5,-3.3,0.00108,0,5.22
3.5,-3.2,0.00103,0,5.22
3.5,-3.1,0.000989,0,5.22
3.5,-3,0.000945,0,5.22
3.5,-2.9,0.000903,0,5.22
3.5,-2.8,0.000861,0,5.22
3.5,-2.7,0.000819,0,5.22
3.5,-2.6,0.000779,0,5.22
3.5,-2.5,0.000739,0,5.22
3.5,-2.4,0.0007,0,5.22
3.5,-2.3,0.000661,0,5.22
3.5,-2.2,0.000623,0,5.22
3.5,-2.1,0.000585,0,5.22
3.5,-2,0.000548,0,5.22
3.5,-1.9,0.000511,0,5.22
3.5,-1.8,0.000475,0,5.22
3.5,-1.7,0.00044,0,5.22
3.5,-1.6,0.000404,0,5.22
3.5,-1.5,0.000369,0,5.22
3.5,-1.4,0.000335,0,5.22
3.5,-1.3,0.000301,0,5.22
3.5,-1.2,0.000267,0,5.22
3.5,-1.1,0.000233,0,5.22
3.5,-1,0.0002,0,5.22
3.5,-0.9,0.000167,0,5.22
3.5,-0.8,0.000134,0,5.22
3.5,-0.7,0.000102,0,5.22
3.5,-0.6,6.94e-05,0,5.22
3.5,-0.5,3.71e-05,0,5.22
3.5,-0.4,4.88e-06,0,5.22
3.5,-0.3,2.72e-05,0,5.22
3.5,-0.2,5.93e-05,0,5.22
3.5,-0.1,9.13e-05,0,5.22
3.5,0,0.000123,0,5.22
3.5,0.1,0.000155,0,5.22
3.5,0.2,0.000187,0,5.22
3.5,0.3,0.00022,0,5.22
3.5,0.4,0.000252,0,5.22
3.5,0.5,0.000284,0,5.22
3.5,0.6,0.000317,0,5.22
3.5,0.7,0.000349,0,5.22
3.5,0.8,0.000382,0,5.22
3.5,0.9,0.000415,0,5.22
3.5,1,0.000449,0,5.22
3.5,1.1,0.000482,0,5.22
3.5,1.2,0.000516,0,5.22
3.5,1.3,0.000551,0,5.22
3.5,1.4,0.000585,0,5.22
3.5,1.5,0.00062,0,5.22
3.5,1.6,0.000656,0,5.22
3.5,1.7,0.000692,0,5.22
3.5,1.8,0.000728,0,5.22
3.5,1.9,0.000765,0,5.22
3.5,2,0.000802,0,5.22
3.5,2.1,0.00084,0,5.22
3.5,2.2,0.000878,0,5.22
3.5,2.3,0.000917,0,5.22
3.5,2.4,0.000957,0,5.22
3.5,2.5,0.000997,0,5.22
3.5,2.6,0.00104,0,5.22
3.5,2.7,0.00108,0,5.22
3.5,2.8,0.00112,0,5.22
3.5,2.9,0.00117,0,5.22
3.5,3,0.00121,0,5.22
3.5,3.1,0.00125,0,5.22
3.5,3.2,0.0013,0,5.22
3.5,3.3,0.00135,0,5.22
3.5,3.4,0.00139,0,5.22
3.5,3.5,0.00144,0,5.22
3.5,3.6,0.00149,0,5.22
3.5,3.7,0.00154,0,5.22
3.5,3.8,0.00159,0,5.22
3.5,3.9,0.00164,0,5.22
3.5,4,0.00169,0,5.22
3.5,4.1,0.00175,0,5.22
3.5,4.2,0.0018,0,5.22
3.5,4.3,0.00186,0,5.22
3.5,4.4,0.00192,0,5.22
3.5,4.5,0.00197,0,5.22
3.5,4.6,0.00203,0,5.22
3.5,4.7,0.00209,0,5.22
3.5,4.8,0.00215,0,5.22
3.5,4.9,0.00222,0,5.22
3.5,5,0.00228,0,5.22
3.5,5.1,0.00235,0,5.22
3.5,5.2,0.00241,0,5.22
3.5,5.3,0.00248,0,5.22
3.5,5.4,0.00255,0,5.22
3.5,5.5,0.00262,0,5.22
3.5,5.6,0.00269,0,5.22
3.5,5.7,0.00276,0,5.22
3.5,5.8,0.00284,0,5.22
3.5,5.9,0.00291,0,5.22
3.5,6,0.00299,0,5.22
3.5,6.1,0.00307,0,5.22
3.5,6.2,0.00315,0,5.22
3.5,6.3,0.00323,0,5.22
3.5,6.4,0.00332,0,5.22
3.5,6.5,0.0034,0,5.22
3.5,6.6,0.00349,0,5.22
3.5,6.7,0.00357,0,5.22
3.5,6.8,0.00366,0,5.22
3.5,6.9,0.00376,0,5.22
3.5,7,0.00385,0,5.22
3.5,7.1,0.00394,0,5.22
3.5,7.2,0.00404,0,5.22
3.5,7.3,0.00414,0,5.22
3.5,7.4,0.00423,0,5.22
3.5,7.5,0.00434,0,5.22
3.5,7.6,0.00444,0,5.22
3.5,7.7,0.00454,0,5.21
3.5,7.8,0.00465,0,5.21
3.5,7.9,0.00476,0,5.21
3.5,8,0.00487,0,5.21
3.5,8.1,0.00498,0,5.21
3.5,8.2,0.00509,0,5.21
3.5,8.3,0.00521,0,5.21
3.5,8.4,0.00532,0,5.21
3.5,8.5,0.00544,0,5.21
3.5,8.6,0.00556,0,5.21
3.5,8.7,0.00568,0,5.21
3.5,8.8,0.00581,0,5.21
3.5,8.9,0.00594,0,5.21
3.5,9,0.00606,0,5.21
3.5,9.1,0.00619,0,5.21
3.5,9.2,0.00633,0,5.21
3.5,9.3,0.00646,0,5.21
3.5,9.4,0.0066,0,5.21
3.5,9.5,0.00673,0,5.21
3.5,9.6,0.00687,0,5.21
3.5,9.7,0.00702,0,5.21
3.5,9.8,0.00716,0,5.21
3.5,9.9,0.00731,0,5.21
3.5,10,0.00745,0,5.21
3.5,10.1,0.0076,0,5.21
3.5,10.2,0.00776,0,5.21
3.5,10.3,0.00791,0,5.21
3.5,10.4,0.00807,0,5.21
3.5,10.5,0.00822,0,5.21
3.5,10.6,0.00838,0,5.2
3.5,10.7,0.00855,0,5.2
3.5,10.8,0.00871,0,5.2
3.5,10.9,0.00888,0,5.2
3.5,11,0.00905,0,5.2
3.5,11.1,0.00922,0,5.2
3.5,11.2,0.00939,0,5.2
3.5,11.3,0.00957,0,5.2
3.5,11.4,0.00974,0,5.2
3.5,11.5,0.00992,0,5.2
3.5,11.6,0.0101,0,5.2
3.5,11.7,0.0103,0,5.2
3.5,11.8,0.0105,0,5.2
3.5,11.9,0.0107,0,5.2
3.5,12,0.0109,0,5.2
3.5,12.1,0.011,0,5.2
3.5,12.2,0.0112,0,5.2
3.5,12.3,0.0114,0,5.2
3.5,12.4,0.0116,0,5.19
3.5,12.5,0.0118,0,5.19
3.5,12.6,0.012,0,5.19
3.5,12.7,0.0122,0,5.19
3.5,12.8,0.0125,0,5.19
3.5,12.9,0.0127,0,5.19
3.5,13,0.0129,0,5.19
3.5,13.1,0.0131,0,5.19
3.5,13.2,0.0133,0,5.19
3.5,13.3,0.0135,0,5.19
3.5,13.4,0.0137,0,5.19
3.5,13.5,0.014,0,5.19
3.5,13.6,0.0142,0,5.19
3.5,13.7,0.0144,0,5.19
3.5,13.8,0.0147,0,5.18
3.5,13.9,0.0149,0,5.18
3.5,14,0.0151,0,5.18
3.5,14.1,0.0154,0,5.18
3.5,14.2,0.0156,0,5.18
3.5,14.3,0.0158,0,5.18
3.5,14.4,0.0161,0,5.18
3.5,14.5,0.0163,0,5.18
3.5,14.6,0.0166,0,5.18
3.5,14.7,0.0168,0,5.18
3.5,14.8,0.0171,0,5.18
3.5,14.9,0.0173,0,5.17
3.5,15,0.0176,0,5.17
3.5,15.1,0.0178,0,5.17
3.5,15.2,0.0181,0,5.17
3.5,15.3,0.0184,0,5.17
3.5,15.4,0.0186,0,5.17
3.5,15.5,0.0189,0,5.17
3.5,15.6,0.0192,0,5.17
3.5,15.7,0.0194,0,5.17
3.5,15.8,0.0197,0,5.17
3.5,15.9,0.02,0,5.16
3.5,16,0.0203,0,5.16
3.5,16.1,0.0205,0,5.16
3.5,16.2,0.0208,0,5.16
3.5,16.3,0.0211,0,5.16
3.5,16.4,0.0214,0,5.16
3.5,16.5,0.0217,0,5.16
3.5,16.6,0.022,0,5.16
3.5,16.7,0.0223,0,5.15
3.5,16.8,0.0226,0,5.15
3.5,16.9,0.0229,0,5.15
3.5,17,0.0232,0,5.15
3.5,17.1,0.0235,0,5.15
3.5,17.2,0.0238,0,5.15
3.5,17.3,0.0241,0,5.15
3.5,17.4,0.0244,0,5.15
3.5,17.5,0.0247,0,5.14
3.5,17.6,0.025,0,5.14
3.5,17.7,0.0253,0,5.14
3.5,17.8,0.0256,0,5.14
3.5,17.9,0.0259,0,5.14
3.5,18,0.0263,0,5.14
3.5,18.1,0.0266,0,5.14
3.5,18.2,0.0269,0,5.13
3.5,18.3,0.0272,0,5.13
3.5,18.4,0.0276,0,5.13
3.5,18.5,0.0279,0,5.13
3.5,18.6,0.0282,0,5.13
3.5,18.7,0.0286,0,5.13
3.5,18.8,0.0289,0,5.12
3.5,18.9,0.0292,0,5.12
3.5,19,0.0296,0,5.12
3.5,19.1,0.0299,0,5.12
3.5,19.2,0.0302,0,5.12
3.5,19.3,0.0306,0,5.12
3.5,19.4,0.0309,0,5.11
3.5,19.5,0.0313,0,5.11
3.5,19.6,0.0316,0,5.11
3.5,19.7,0.032,0,5.11
3.5,19.8,0.0323,0,5.11
3.5,19.9,0.0327,0,5.11
3.5,20,0.033,0,5.1
4,-20,0.0369,0,5.11
4,-19.9,0.0365,0,5.11
4,-19.8,0.0361,0,5.11
4,-19.7,0.0357,0,5.12
4,-19.6,0.0353,0,5.12
4,-19.5,0.0349,0,5.12
4,-19.4,0.0345,0,5.12
4,-19.3,0.0341,0,5.12
4,-19.2,0.0337,0,5.12
4,-19.1,0.0333,0,5.13
4,-19,0.033,0,5.13
4,-18.9,0.0326,0,5.13
4,-18.8,0.0322,0,5.13
4,-18.7,0.0318,0,5.13
4,-18.6,0.0314,0,5.13
4,-18.5,0.031,0,5.14
4,-18.4,0.0307,0,5.14
4,-18.3,0.0303,0,5.14
4,-18.2,0.0299,0,5.14
4,-18.1,0.0296,0,5.14
4,-18,0.0292,0,5.14
4,-17.9,0.0288,0,5.14
4,-17.8,0.0285,0,5.15
4,-17.7,0.0281,0,5.15
4,-17.6,0.0278,0,5.15
4,-17.5,0.0274,0,5.15
4,-17.4,0.0271,0,5.15
4,-17.3,0.0267,0,5.15
4,-17.2,0.0264,0,5.15
4,-17.1,0.026,0,5.16
4,-17,0.0257,0,5.16
4,-16.9,0.0253,0,5.16
4,-16.8,0.025,0,5.16
4,-16.7,0.0247,0,5.16
4,-16.6,0.0243,0,5.16
4,-16.5,0.024,0,5.16
4,-16.4,0.0237,0,5.16
4,-16.3,0.0233,0,5.16
4,-16.2,0.023,0,5.17
4,-16.1,0.0227,0,5.17
4,-16,0.0224,0,5.17
4,-15.9,0.0221,0,5.17
4,-15.8,0.0218,0,5.17
4,-15.7,0.0214,0,5.17
4,-15.6,0.0211,0,5.17
4,-15.5,0.0208,0,5.17
4,-15.4,0.0205,0,5.17
4,-15.3,0.0202,0,5.18
4,-15.2,0.0199,0,5.18
4,-15.1,0.0196,0,5.18
4,-15,0.0193,0,5.18
4,-14.9,0.0191,0,5.18
4,-14.8,0.0188,0,5.18
4,-14.7,0.0185,0,5.18
4,-14.6,0.0182,0,5.18
4,-14.5,0.0179,0,5.18
4,-14.4,0.0176,0,5.18
4,-14.3,0.0174,0,5.18
4,-14.2,0.0171,0,5.19
4,-14.1,0.0168,0,5.19
4,-14,0.0166,0,5.19
4,-13.9,0.0163,0,5.19
4,-13.8,0.016,0,5.19
4,-13.7,0.0158,0,5.19
4,-13.6,0.0155,0,5.19
4,-13.5,0.0153,0,5.19
4,-13.4,0.015,0,5.19
4,-13.3,0.0148,0,5.19
4,-13.2,0.0145,0,5.19
4,-13.1,0.0143,0,5.19
4,-13,0.014,0,5.19
4,-12.9,0.0138,0,5.2
4,-12.8,0.0136,0,5.2
4,-12.7,0.0133,0,5.2
4,-12.6,0.0131,0,5.2
4,-12.5,0.0129,0,5.2
4,-12.4,0.0126,0,5.2
4,-12.3,0.0124,0,5.2
4,-12.2,0.0122,0,5.2
4,-12.1,0.012,0,5.2
4,-12,0.0118,0,5.2
4,-11.9,0.0115,0,5.2
4,-11.8,0.0113,0,5.2
4,-11.7,0.0111,0,5.2
4,-11.6,0.0109,0,5.2
4,-11.5,0.0107,0,5.2
4,-11.4,0.0105,0,5.2
4,-11.3,0.0103,0,5.2
4,-11.2,0.0101,0,5.2
4,-11.1,0.00992,0,5.21
4,-11,0.00972,0,5.21
4,-10.9,0.00954,0,5.21
4,-10.8,0.00935,0,5.21
4,-10.7,0.00916,0,5.21
4,-10.6,0.00898,0,5.21
4,-10.5,0.0088,0,5.21
4,-10.4,0.00863,0,5.21
4,-10.3,0.00845,0,5.21
4,-10.2,0.00828,0,5.21
4,-10.1,0.00811,0,5.21
4,-10,0.00794,0,5.21
4,-9.9,0.00778,0,5.21
4,-9.8,0.00761,0,5.21
4,-9.7,0.00745,0,5.21
4,-9.6,0.00729,0,5.21
4,-9.5,0.00714,0,5.21
4,-9.4,0.00698,0,5.21
4,-9.3,0.00683,0,5.21
4,-9.2,0.00668,0,5.21
4,-9.1,0.00653,0,5.21
4,-9,0.00639,0,5.21
4,-8.9,0.00625,0,5.21
4,-8.8,0.00611,0,5.21
4,-8.7,0.00597,0,5.21
4,-8.6,0.00583,0,5.21
4,-8.5,0.0057,0,5.21
4,-8.4,0.00557,0,5.22
4,-8.3,0.00544,0,5.22
4,-8.2,0.00531,0,5.22
4,-8.1,0.00518,0,5.22
4,-8,0.00506,0,5.22
4,-7.9,0.00494,0,5.22
4,-7.8,0.00482,0,5.22
4,-7.7,0.0047,0,5.22
4,-7.6,0.00458,0,5.22
4,-7.5,0.00447,0,5.22
4,-7.4,0.00436,0,5.22
4,-7.3,0.00425,0,5.22
4,-7.2,0.00414,0,5.22
4,-7.1,0.00403,0,5.22
4,-7,0.00393,0,5.22
4,-6.9,0.00383,0,5.22
4,-6.8,0.00373,0,5.22
4,-6.7,0.00363,0,5.22
4,-6.6,0.00353,0,5.22
4,-6.5,0.00344,0,5.22
4,-6.4,0.00334,0,5.22
4,-6.3,0.00325,0,5.22
4,-6.2,0.00316,0,5.22
4,-6.1,0.00307,0,5.22
4,-6,0.00299,0,5.22
4,-5.9,0.0029,0,5.22
4,-5.8,0.00282,0,5.22
4,-5.7,0.00274,0,5.22
4,-5.6,0.00266,0,5.22
4,-5.5,0.00258,0,5.22
4,-5.4,0.0025,0,5.22
4,-5.3,0.00243,0,5.22
4,-5.2,0.00235,0,5.22
4,-5.1,0.00228,0,5.22
4,-5,0.00221,0,5.22
4,-4.9,0.00214,0,5.22
4,-4.8,0.00207,0,5.22
4,-4.7,0.002,0,5.22
4,-4.6,0.00194,0,5.22
4,-4.5,0.00187,0,5.22
4,-4.4,0.00181,0,5.22
4,-4.3,0.00175,0,5.22
4,-4.2,0.00169,0,5.22
4,-4.1,0.00163,0,5.22
4,-4,0.00157,0,5.22
4,-3.9,0.00151,0,5.22
4,-3.8,0.00145,0,5.22
4,-3.7,0.0014,0,5.22
4,-3.6,0.00134,0,5.22
4,-3.5,0.00129,0,5.22
4,-3.4,0.00124,0,5.22
4,-3.3,0.00119,0,5.22
4,-3.2,0.00114,0,5.22
4,-3.1,0.00109,0,5.22
4,-3,0.00104,0,5.22
4,-2.9,0.000993,0,5.22
4,-2.8,0.000946,0,5.22
4,-2.7,0.000901,0,5.22
4,-2.6,0.000855,0,5.22
4,-2.5,0.000811,0,5.22
4,-2.4,0.000767,0,5.22
4,-2.3,0.000725,0,5.22
4,-2.2,0.000682,0,5.22
4,-2.1,0.000641,0,5.22
4,-2,0.0006,0,5.22
4,-1.9,0.000559,0,5.22
4,-1.8,0.000519,0,5.22
4,-1.7,0.00048,0,5.22
4,-1.6,0.000441,0,5.22
4,-1.5,0.000402,0,5.22
4,-1.4,0.000364,0,5.22
4,-1.3,0.000327,0,5.22
4,-1.2,0.00029,0,5.22
4,-1.1,0.000253,0,5.22
4,-1,0.000216,0,5.22
4,-0.9,0.00018,0,5.22
4,-0.8,0.000144,0,5.22
4,-0.7,0.000108,0,5.22
4,-0.6,7.2e-05,0,5.22
4,-0.5,3.64e-05,0,5.22
4,-0.4,1.03e-06,0,5.22
4,-0.3,3.43e-05,0,5.22
4,-0.2,6.95e-05,0,5.22
4,-0.1,0.000105,0,5.22
4,0,0.00014,0,5.22
4,0.1,0.000175,0,5.22
4,0.2,0.00021,0,5.22
4,0.3,0.000246,0,5.22
4,0.4,0.000281,0,5.22
4,0.5,0.000317,0,5.22
4,0.6,0.000353,0,5.22
4,0.7,0.000389,0,5.22
4,0.8,0.000425,0,5.22
4,0.9,0.000461,0,5.22
4,1,0.000498,0,5.22
4,1.1,0.000535,0,5.22
4,1.2,0.000572,0,5.22
4,1.3,0.00061,0,5.22
4,1.4,0.000649,0,5.22
4,1.5,0.000687,0,5.22
4,1.6,0.000726,0,5.22
4,1.7,0.000766,0,5.22
4,1.8,0.000806,0,5.22
4,1.9,0.000847,0,5.22
4,2,0.000888,0,5.22
4,2.1,0.00093,0,5.22
4,2.2,0.000973,0,5.22
4,2.3,0.00102,0,5.22
4,2.4,0.00106,0,5.22
4,2.5,0.0011,0,5.22
4,2.6,0.00115,0,5.22
4,2.7,0.0012,0,5.22
4,2.8,0.00124,0,5.22
4,2.9,0.00129,0,5.22
4,3,0.00134,0,5.22
4,3.1,0.00139,0,5.22
4,3.2,0.00144,0,5.22
4,3.3,0.00149,0,5.22
4,3.4,0.00154,0,5.22
4,3.5,0.0016,0,5.22
4,3.6,0.00165,0,5.22
4,3.7,0.00171,0,5.22
4,3.8,0.00176,0,5.22
4,3.9,0.00182,0,5.22
4,4,0.00188,0,5.22
4,4.1,0.00194,0,5.22
4,4.2,0.002,0,5.22
4,4.3,0.00207,0,5.22
4,4.4,0.00213,0,5.22
4,4.5,0.00219,0,5.22
4,4.6,0.00226,0,5.22
4,4.7,0.00233,0,5.22
4,4.8,0.0024,0,5.22
4,4.9,0.00247,0,5.22
4,5,0.00254,0,5.22
4,5.1,0.00261,0,5.22
4,5.2,0.00269,0,5.22
4,5.3,0.00277,0,5.22
4,5.4,0.00284,0,5.22
4,5.5,0.00292,0,5.22
4,5.6,0.003,0,5.22
4,5.7,0.00309,0,5.22
4,5.8,0.00317,0,5.22
4,5.9,0.00326,0,5.22
4,6,0.00334,0,5.22
4,6.1,0.00343,0,5.22
4,6.2,0.00352,0,5.22
4,6.3,0.00361,0,5.22
4,6.4,0.00371,0,5.22
4,6.5,0.0038,0,5.22
4,6.6,0.0039,0,5.22
4,6.7,0.004,0,5.22
4,6.8,0.0041,0,5.22
4,6.9,0.00421,0,5.22
4,7,0.00431,0,5.22
4,7.1,0.00442,0,5.22
4,7.2,0.00453,0,5.22
4,7.3,0.00464,0,5.22
4,7.4,0.00475,0,5.22
4,7.5,0.00486,0,5.22
4,7.6,0.00498,0,5.22
4,7.7,0.0051,0,5.22
4,7.8,0.00522,0,5.22
4,7.9,0.00534,0,5.21
4,8,0.00547,0,5.21
4,8.1,0.00559,0,5.21
4,8.2,0.00572,0,5.21
4,8.3,0.00585,0,5.21
4,8.4,0.00598,0,5.21
4,8.5,0.00612,0,5.21
4,8.6,0.00626,0,5.21
4,8.7,0.0064,0,5.21
4,8.8,0.00654,0,5.21
4,8.9,0.00668,0,5.21
4,9,0.00683,0,5.21
4,9.1,0.00697,0,5.21
4,9.2,0.00713,0,5.21
4,9.3,0.00728,0,5.21
4,9.4,0.00743,0,5.21
4,9.5,0.00759,0,5.21
4,9.6,0.00775,0,5.21
4,9.7,0.00791,0,5.21
4,9.8,0.00807,0,5.21
4,9.9,0.00824,0,5.21
4,10,0.00841,0,5.21
4,10.1,0.00858,0,5.21
4,10.2,0.00875,0,5.21
4,10.3,0.00893,0,5.21
4,10.4,0.00911,0,5.21
4,10.5,0.00929,0,5.21
4,10.6,0.00947,0,5.21
4,10.7,0.00966,0,5.21
4,10.8,0.00984,0,5.2
4,10.9,0.01,0,5.2
4,11,0.0102,0,5.2
4,11.1,0.0104,0,5.2
4,11.2,0.0106,0,5.2
4,11.3,0.0108,0,5.2
4,11.4,0.011,0,5.2
4,11.5,0.0112,0,5.2
4,11.6,0.0114,0,5.2
4,11.7,0.0116,0,5.2
4,11.8,0.0119,0,5.2
4,11.9,0.0121,0,5.2
4,12,0.0123,0,5.2
4,12.1,0.0125,0,5.2
4,12.2,0.0127,0,5.2
4,12.3,0.013,0,5.2
4,12.4,0.0132,0,5.2
4,12.5,0.0134,0,5.2
4,12.6,0.0136,0,5.19
4,12.7,0.0139,0,5.19
4,12.8,0.0141,0,5.19
4,12.9,0.0144,0,5.19
4,13,0.0146,0,5.19
4,13.1,0.0148,0,5.19
4,13.2,0.0151,0,5.19
4,13.3,0.0153,0,5.19
4,13.4,0.0156,0,5.19
4,13.5,0.0158,0,5.19
4,13.6,0.0161,0,5.19
4,13.7,0.0164,0,5.19
4,13.8,0.0166,0,5.19
4,13.9,0.0169,0,5.19
4,14,0.0172,0,5.18
4,14.1,0.0174,0,5.18
4,14.2,0.0177,0,5.18
4,14.3,0.018,0,5.18
4,14.4,0.0183,0,5.18
4,14.5,0.0185,0,5.18
4,14.6,0.0188,0,5.18
4,14.7,0.0191,0,5.18
4,14.8,0.0194,0,5.18
4,14.9,0.0197,0,5.18
4,15,0.02,0,5.18
4,15.1,0.0203,0,5.17
4,15.2,0.0206,0,5.17
4,15.3,0.0209,0,5.17
4,15.4,0.0212,0,5.17
4,15.5,0.0215,0,5.17
4,15.6,0.0218,0,5.17
4,15.7,0.0221,0,5.17
4,15.8,0.0224,0,5.17
4,15.9,0.0227,0,5.17
4,16,0.023,0,5.16
4,16.1,0.0234,0,5.16
4,16.2,0.0237,0,5.16
4,16.3,0.024,0,5.16
4,16.4,0.0243,0,5.16
4,16.5,0.0247,0,5.16
4,16.6,0.025,0,5.16
4,16.7,0.0253,0,5.16
4,16.8,0.0257,0,5.16
4,16.9,0.026,0,5.15
4,17,0.0264,0,5.15
4,17.1,0.0267,0,5.15
4,17.2,0.0271,0,5.15
4,17.3,0.0274,0,5.15
4,17.4,0.0278,0,5.15
4,17.5,0.0281,0,5.15
4,17.6,0.0285,0,5.14
4,17.7,0.0288,0,5.14
4,17.8,0.0292,0,5.14
4,17.9,0.0295,0,5.14
4,18,0.0299,0,5.14
4,18.1,0.0303,0,5.14
4,18.2,0.0307,0,5.14
4,18.3,0.031,0,5.13
4,18.4,0.0314,0,5.13
4,18.5,0.0318,0,5.13
4,18.6,0.0322,0,5.13
4,18.7,0.0325,0,5.13
4,18.8,0.0329,0,5.13
4,18.9,0.0333,0,5.12
4,19,0.0337,0,5.12
4,19.1,0.0341,0,5.12
4,19.2,0.0345,0,5.12
4,19.3,0.0349,0,5.12
4,19.4,0.0353,0,5.12
4,19.5,0.0357,0,5.11
4,19.6,0.0361,0,5.11
4,19.7,0.0365,0,5.11
4,19.8,0.0369,0,5.11
4,19.9,0.0373,0,5.11
4,20,0.0377,0,5.11
4.5,-20,0.0414,0,5.11
4.5,-19.9,0.041,0,5.11
4.5,-19.8,0.0405,0,5.12
4.5,-19.7,0.04,0,5.12
4.5,-19.6,0.0396,0,5.12
4.5,-19.5,0.0391,0,5.12
4.5,-19.4,0.0387,0,5.12
4.5,-19.3,0.0383,0,5.12
4.5,-19.2,0.0378,0,5.13
4.5,-19.1,0.0374,0,5.13
4.5,-19,0.0369,0,5.13
4.5,-18.9,0.0365,0,5.13
4.5,-18.8,0.0361,0,5.13
4.5,-18.7,0.0356,0,5.13
4.5,-18.6,0.0352,0,5.14
4.5,-18.5,0.0348,0,5.14
4.5,-18.4,0.0344,0,5.14
4.5,-18.3,0.034,0,5.14
4.5,-18.2,0.0335,0,5.14
4.5,-18.1,0.0331,0,5.14
4.5,-18,0.0327,0,5.14
4.5,-17.9,0.0323,0,5.15
4.5,-17.8,0.0319,0,5.15
4.5,-17.7,0.0315,0,5.15
4.5,-17.6,0.0311,0,5.15
4.5,-17.5,0.0307,0,5.15
4.5,-17.4,0.0303,0,5.15
4.5,-17.3,0.0299,0,5.15
4.5,-17.2,0.0295,0,5.16
4.5,-17.1,0.0291,0,5.16
4.5,-17,0.0287,0,5.16
4.5,-16.9,0.0284,0,5.16
4.5,-16.8,0.028,0,5.16
4.5,-16.7,0.0276,0,5.16
4.5,-16.6,0.0272,0,5.16
4.5,-16.5,0.0269,0,5.16
4.5,-16.4,0.0265,0,5.17
4.5,-16.3,0.0261,0,5.17
4.5,-16.2,0.0258,0,5.17
4.5,-16.1,0.0254,0,5.17
4.5,-16,0.025,0,5.17
4.5,-15.9,0.0247,0,5.17
4.5,-15.8,0.0243,0,5.17
4.5,-15.7,0.024,0,5.17
4.5,-15.6,0.0236,0,5.17
4.5,-15.5,0.0233,0,5.18
4.5,-15.4,0.0229,0,5.18
4.5,-15.3,0.0226,0,5.18
4.5,-15.2,0.0223,0,5.18
4.5,-15.1,0.0219,0,5.18
4.5,-15,0.0216,0,5.18
4.5,-14.9,0.0213,0,5.18
4.5,-14.8,0.021,0,5.18
4.5,-14.7,0.0206,0,5.18
4.5,-14.6,0.0203,0,5.18
4.5,-14.5,0.02,0,5.18
4.5,-14.4,0.0197,0,5.19
4.5,-14.3,0.0194,0,5.19
4.5,-14.2,0.0191,0,5.19
4.5,-14.1,0.0188,0,5.19
4.5,-14,0.0185,0,5.19
4.5,-13.9,0.0182,0,5.19
4.5,-13.8,0.0179,0,5.19
4.5,-13.7,0.0176,0,5.19
4.5,-13.6,0.0173,0,5.19
4.5,-13.5,0.017,0,5.19
4.5,-13.4,0.0167,0,5.19
4.5,-13.3,0.0165,0,5.19
4.5,-13.2,0.0162,0,5.19
4.5,-13.1,0.0159,0,5.2
4.5,-13,0.0156,0,5.2
4.5,-12.9,0.0154,0,5.2
4.5,-12.8,0.0151,0,5.2
4.5,-12.7,0.0148,0,5.2
4.5,-12.6,0.0146,0,5.2
4.5,-12.5,0.0143,0,5.2
4.5,-12.4,0.0141,0,5.2
4.5,-12.3,0.0138,0,5.2
4.5,-12.2,0.0136,0,5.2
4.5,-12.1,0.0133,0,5.2
4.5,-12,0.0131,0,5.2
4.5,-11.9,0.0128,0,5.2
4.5,-11.8,0.0126,0,5.2
4.5,-11.7,0.0124,0,5.2
4.5,-11.6,0.0121,0,5.2
4.5,-11.5,0.0119,0,5.2
4.5,-11.4,0.0117,0,5.2
4.5,-11.3,0.0114,0,5.21
4.5,-11.2,0.0112,0,5.21
4.5,-11.1,0.011,0,5.21
4.5,-11,0.0108,0,5.21
4.5,-10.9,0.0106,0,5.21
4.5,-10.8,0.0104,0,5.21
4.5,-10.7,0.0102,0,5.21
4.5,-10.6,0.00996,0,5.21
4.5,-10.5,0.00976,0,5.21
4.5,-10.4,0.00956,0,5.21
4.5,-10.3,0.00937,0,5.21
4.5,-10.2,0.00917,0,5.21
4.5,-10.1,0.00898,0,5.21
4.5,-10,0.00879,0,5.21
4.5,-9.9,0.00861,0,5.21
4.5,-9.8,0.00843,0,5.21
4.5,-9.7,0.00825,0,5.21
4.5,-9.6,0.00807,0,5.21
4.5,-9.5,0.00789,0,5.21
4.5,-9.4,0.00772,0,5.21
4.5,-9.3,0.00755,0,5.21
4.5,-9.2,0.00738,0,5.21
4.5,-9.1,0.00722,0,5.21
4.5,-9,0.00706,0,5.21
4.5,-8.9,0.0069,0,5.21
4.5,-8.8,0.00674,0,5.21
4.5,-8.7,0.00659,0,5.21
4.5,-8.6,0.00643,0,5.22
4.5,-8.5,0.00628,0,5.22
4.5,-8.4,0.00614,0,5.22
4.5,-8.3,0.00599,0,5.22
4.5,-8.2,0.00585,0,5.22
4.5,-8.1,0.00571,0,5.22
4.5,-8,0.00557,0,5.22
4.5,-7.9,0.00543,0,5.22
4.5,-7.8,0.0053,0,5.22
4.5,-7.7,0.00517,0,5.22
4.5,-7.6,0.00504,0,5.22
4.5,-7.5,0.00491,0,5.22
4.5,-7.4,0.00479,0,5.22
4.5,-7.3,0.00467,0,5.22
4.5,-7.2,0.00455,0,5.22
4.5,-7.1,0.00443,0,5.22
4.5,-7,0.00431,0,5.22
4.5,-6.9,0.0042,0,5.22
4.5,-6.8,0.00409,0,5.22
4.5,-6.7,0.00398,0,5.22
4.5,-6.6,0.00387,0,5.22
4.5,-6.5,0.00376,0,5.22
4.5,-6.4,0.00366,0,5.22
4.5,-6.3,0.00356,0,5.22
4.5,-6.2,0.00346,0,5.22
4.5,-6.1,0.00336,0,5.22
4.5,-6,0.00326,0,5.22
4.5,-5.9,0.00317,0,5.22
4.5,-5.8,0.00308,0,5.22
4.5,-5.7,0.00299,0,5.22
4.5,-5.6,0.0029,0,5.22
4.5,-5.5,0.00281,0,5.22
4.5,-5.4,0.00273,0,5.22
4.5,-5.3,0.00264,0,5.22
4.5,-5.2,0.00256,0,5.22
4.5,-5.1,0.00248,0,5.22
4.5,-5,0.0024,0,5.22
4.5,-4.9,0.00232,0,5.22
4.5,-4.8,0.00225,0,5.22
4.5,-4.7,0.00217,0,5.22
4.5,-4.6,0.0021,0,5.22
4.5,-4.5,0.00203,0,5.22
4.5,-4.4,0.00196,0,5.22
4.5,-4.3,0.00189,0,5.22
4.5,-4.2,0.00183,0,5.22
4.5,-4.1,0.00176,0,5.22
4.5,-4,0.0017,0,5.22
4.5,-3.9,0.00163,0,5.22
4.5,-3.8,0.00157,0,5.22
4.5,-3.7,0.00151,0,5.22
4.5,-3.6,0.00145,0,5.22
4.5,-3.5,0.00139,0,5.22
4.5,-3.4,0.00134,0,5.22
4.5,-3.3,0.00128,0,5.22
4.5,-3.2,0.00123,0,5.22
4.5,-3.1,0.00117,0,5.22
4.5,-3,0.00112,0,5.22
4.5,-2.9,0.00107,0,5.22
4.5,-2.8,0.00102,0,5.22
4.5,-2.7,0.000967,0,5.22
4.5,-2.6,0.000918,0,5.22
4.5,-2.5,0.00087,0,5.22
4.5,-2.4,0.000822,0,5.22
4.5,-2.3,0.000776,0,5.22
4.5,-2.2,0.00073,0,5.22
4.5,-2.1,0.000685,0,5.22
4.5,-2,0.000641,0,5.22
4.5,-1.9,0.000597,0,5.22
4.5,-1.8,0.000554,0,5.22
4.5,-1.7,0.000511,0,5.22
4.5,-1.6,0.000469,0,5.22
4.5,-1.5,0.000427,0,5.22
4.5,-1.4,0.000386,0,5.22
4.5,-1.3,0.000346,0,5.22
4.5,-1.2,0.000306,0,5.22
4.5,-1.1,0.000266,0,5.22
4.5,-1,0.000226,0,5.22
4.5,-0.9,0.000187,0,5.22
4.5,-0.8,0.000149,0,5.22
4.5,-0.7,0.00011,0,5.22
4.5,-0.6,7.16e-05,0,5.22
4.5,-0.5,3.34e-05,0,5.22
4.5,-0.4,4.68e-06,0,5.22
4.5,-0.3,4.26e-05,0,5.22
4.5,-0.2,8.05e-05,0,5.22
4.5,-0.1,0.000118,0,5.22
4.5,0,0.000156,0,5.22
4.5,0.1,0.000194,0,5.22
4.5,0.2,0.000232,0,5.22
4.5,0.3,0.00027,0,5.22
4.5,0.4,0.000308,0,5.22
4.5,0.5,0.000346,0,5.22
4.5,0.6,0.000385,0,5.22
4.5,0.7,0.000423,0,5.22
4.5,0.8,0.000462,0,5.22
4.5,0.9,0.000502,0,5.22
4.5,1,0.000541,0,5.22
4.5,1.1,0.000581,0,5.22
4.5,1.2,0.000621,0,5.22
4.5,1.3,0.000662,0,5.22
4.5,1.4,0.000703,0,5.22
4.5,1.5,0.000745,0,5.22
4.5,1.6,0.000788,0,5.22
4.5,1.7,0.00083,0,5.22
4.5,1.8,0.000874,0,5.22
4.5,1.9,0.000918,0,5.22
4.5,2,0.000963,0,5.22
4.5,2.1,0.00101,0,5.22
4.5,2.2,0.00105,0,5.22
4.5,2.3,0.0011,0,5.22
4.5,2.4,0.00115,0,5.22
4.5,2.5,0.0012,0,5.22
4.5,2.6,0.00125,0,5.22
4.5,2.7,0.0013,0,5.22
4.5,2.8,0.00135,0,5.22
4.5,2.9,0.0014,0,5.22
4.5,3,0.00145,0,5.22
4.5,3.1,0.00151,0,5.22
4.5,3.2,0.00156,0,5.22
4.5,3.3,0.00162,0,5.22
4.5,3.4,0.00168,0,5.22
4.5,3.5,0.00174,0,5.22
4.5,3.6,0.0018,0,5.22
4.5,3.7,0.00186,0,5.22
4.5,3.8,0.00192,0,5.22
4.5,3.9,0.00198,0,5.22
4.5,4,0.00205,0,5.22
4.5,4.1,0.00211,0,5.22
4.5,4.2,0.00218,0,5.22
4.5,4.3,0.00225,0,5.22
4.5,4.4,0.00232,0,5.22
4.5,4.5,0.00239,0,5.22
4.5,4.6,0.00247,0,5.22
4.5,4.7,0.00254,0,5.22
4.5,4.8,0.00262,0,5.22
4.5,4.9,0.00269,0,5.22
4.5,5,0.00277,0,5.22
4.5,5.1,0.00285,0,5.22
4.5,5.2,0.00294,0,5.22
4.5,5.3,0.00302,0,5.22
4.5,5.4,0.00311,0,5.22
4.5,5.5,0.0032,0,5.22
4.5,5.6,0.00329,0,5.22
4.5,5.7,0.00338,0,5.22
4.5,5.8,0.00347,0,5.22
4.5,5.9,0.00356,0,5.22
4.5,6,0.00366,0,5.22
4.5,6.1,0.00376,0,5.22
4.5,6.2,0.00386,0,5.22
4.5,6.3,0.00396,0,5.22
4.5,6.4,0.00407,0,5.22
4.5,6.5,0.00417,0,5.22
4.5,6.6,0.00428,0,5.22
4.5,6.7,0.00439,0,5.22
4.5,6.8,0.00451,0,5.22
4.5,6.9,0.00462,0,5.22
4.5,7,0.00474,0,5.22
4.5,7.1,0.00486,0,5.22
4.5,7.2,0.00498,0,5.22
4.5,7.3,0.0051,0,5.22
4.5,7.4,0.00523,0,5.22
4.5,7.5,0.00535,0,5.22
4.5,7.6,0.00548,0,5.22
4.5,7.7,0.00562,0,5.22
4.5,7.8,0.00575,0,5.22
4.5,7.9,0.00589,0,5.22
4.5,8,0.00603,0,5.22
4.5,8.1,0.00617,0,5.22
4.5,8.2,0.00631,0,5.21
4.5,8.3,0.00646,0,5.21
4.5,8.4,0.00661,0,5.21
4.5,8.5,0.00676,0,5.21
4.5,8.6,0.00691,0,5.21
4.5,8.7,0.00707,0,5.21
4.5,8.8,0.00722,0,5.21
4.5,8.9,0.00739,0,5.21
4.5,9,0.00755,0,5.21
4.5,9.1,0.00771,0,5.21
4.5,9.2,0.00788,0,5.21
4.5,9.3,0.00805,0,5.21
4.5,9.4,0.00823,0,5.21
4.5,9.5,0.0084,0,5.21
4.5,9.6,0.00858,0,5.21
4.5,9.7,0.00876,0,5.21
4.5,9.8,0.00895,0,5.21
4.5,9.9,0.00913,0,5.21
4.5,10,0.00932,0,5.21
4.5,10.1,0.00951,0,5.21
4.5,10.2,0.00971,0,5.21
4.5,10.3,0.0099,0,5.21
4.5,10.4,0.0101,0,5.21
4.5,10.5,0.0103,0,5.21
4.5,10.6,0.0105,0,5.21
4.5,10.7,0.0107,0,5.21
4.5,10.8,0.0109,0,5.21
4.5,10.9,0.0111,0,5.21
4.5,11,0.0114,0,5.2
4.5,11.1,0.0116,0,5.2
4.5,11.2,0.0118,0,5.2
4.5,11.3,0.012,0,5.2
4.5,11.4,0.0123,0,5.2
4.5,11.5,0.0125,0,5.2
4.5,11.6,0.0127,0,5.2
4.5,11.7,0.0129,0,5.2
4.5,11.8,0.0132,0,5.2
4.5,11.9,0.0134,0,5.2
4.5,12,0.0137,0,5.2
4.5,12.1,0.0139,0,5.2
4.5,12.2,0.0142,0,5.2
4.5,12.3,0.0144,0,5.2
4.5,12.4,0.0147,0,5.2
4.5,12.5,0.0149,0,5.2
4.5,12.6,0.0152,0,5.2
4.5,12.7,0.0155,0,5.2
4.5,12.8,0.0157,0,5.19
4.5,12.9,0.016,0,5.19
4.5,13,0.0163,0,5.19
4.5,13.1,0.0165,0,5.19
4.5,13.2,0.0168,0,5.19
4.5,13.3,0.0171,0,5.19
4.5,13.4,0.0174,0,5.19
4.5,13.5,0.0177,0,5.19
4.5,13.6,0.018,0,5.19
4.5,13.7,0.0183,0,5.19
4.5,13.8,0.0186,0,5.19
4.5,13.9,0.0189,0,5.19
4.5,14,0.0192,0,5.19
4.5,14.1,0.0195,0,5.18
4.5,14.2,0.0198,0,5.18
4.5,14.3,0.0201,0,5.18
4.5,14.4,0.0204,0,5.18
4.5,14.5,0.0207,0,5.18
4.5,14.6,0.021,0,5.18
4.5,14.7,0.0213,0,5.18
4.5,14.8,0.0217,0,5.18
4.5,14.9,0.022,0,5.18
4.5,15,0.0223,0,5.18
4.5,15.1,0.0227,0,5.18
4.5,15.2,0.023,0,5.17
4.5,15.3,0.0233,0,5.17
4.5,15.4,0.0237,0,5.17
4.5,15.5,0.024,0,5.17
4.5,15.6,0.0244,0,5.17
4.5,15.7,0.0247,0,5.17
4.5,15.8,0.0251,0,5.17
4.5,15.9,0.0254,0,5.17
4.5,16,0.0258,0,5.17
4.5,16.1,0.0261,0,5.17
4.5,16.2,0.0265,0,5.16
4.5,16.3,0.0269,0,5.16
4.5,16.4,0.0272,0,5.16
4.5,16.5,0.0276,0,5.16
4.5,16.6,0.028,0,5.16
4.5,16.7,0.0284,0,5.16
4.5,16.8,0.0287,0,5.16
4.5,16.9,0.0291,0,5.16
4.5,17,0.0295,0,5.15
4.5,17.1,0.0299,0,5.15
4.5,17.2,0.0303,0,5.15
4.5,17.3,0.0307,0,5.15
4.5,17.4,0.0311,0,5.15
4.5,17.5,0.0315,0,5.15
4.5,17.6,0.0319,0,5.15
4.5,17.7,0.0323,0,5.15
4.5,17.8,0.0327,0,5.14
4.5,17.9,0.0331,0,5.14
4.5,18,0.0335,0,5.14
4.5,18.1,0.0339,0,5.14
4.5,18.2,0.0344,0,5.14
4.5,18.3,0.0348,0,5.14
4.5,18.4,0.0352,0,5.13
4.5,18.5,0.0356,0,5.13
4.5,18.6,0.036,0,5.13
4.5,18.7,0.0365,0,5.13
4.5,18.8,0.0369,0,5.13
4.5,18.9,0.0373,0,5.13
4.5,19,0.0378,0,5.13
4.5,19.1,0.0382,0,5.12
4.5,19.2,0.0387,0,5.12
4.5,19.3,0.0391,0,5.12
4.5,19.4,0.0395,0,5.12
4.5,19.5,0.04,0,5.12
4.5,19.6,0.0404,0,5.12
4.5,19.7,0.0409,0,5.11
4.5,19.8,0.0414,0,5.11
4.5,19.9,0.0418,0,5.11
4.5,20,0.0423,0,5.11
5,-20,0.0459,0,5.12
5,-19.9,0.0454,0,5.12
5,-19.8,0.0449,0,5.12
5,-19.7,0.0443,0,5.12
5,-19.6,0.0438,0,5.12
5,-19.5,0.0433,0,5.12
5,-19.4,0.0428,0,5.13
5,-19.3,0.0424,0,5.13
5,-19.2,0.0419,0,5.13
5,-19.1,0.0414,0,5.13
5,-19,0.0409,0,5.13
5,-18.9,0.0404,0,5.13
5,-18.8,0.0399,0,5.14
5,-18.7,0.0394,0,5.14
5,-18.6,0.039,0,5.14
5,-18.5,0.0385,0,5.14
5,-18.4,0.038,0,5.14
5,-18.3,0.0376,0,5.14
5,-18.2,0.0371,0,5.14
5,-18.1,0.0366,0,5.15
5,-18,0.0362,0,5.15
5,-17.9,0.0357,0,5.15
5,-17.8,0.0353,0,5.15
5,-17.7,0.0348,0,5.15
5,-17.6,0.0344,0,5.15
5,-17.5,0.0339,0,5.15
5,-17.4,0.0335,0,5.16
5,-17.3,0.033,0,5.16
5,-17.2,0.0326,0,5.16
5,-17.1,0.0322,0,5.16
5,-17,0.0318,0,5.16
5,-16.9,0.0313,0,5.16
5,-16.8,0.0309,0,5.16
5,-16.7,0.0305,0,5.16
5,-16.6,0.0301,0,5.17
5,-16.5,0.0297,0,5.17
5,-16.4,0.0292,0,5.17
5,-16.3,0.0288,0,5.17
5,-16.2,0.0284,0,5.17
5,-16.1,0.028,0,5.17
5,-16,0.0276,0,5.17
5,-15.9,0.0272,0,5.17
5,-15.8,0.0268,0,5.17
5,-15.7,0.0265,0,5.17
5,-15.6,0.0261,0,5.18
5,-15.5,0.0257,0,5.18
5,-15.4,0.0253,0,5.18
5,-15.3,0.0249,0,5.18
5,-15.2,0.0246,0,5.18
5,-15.1,0.0242,0,5.18
5,-15,0.0238,0,5.18
5,-14.9,0.0235,0,5.18
5,-14.8,0.0231,0,5.18
5,-14.7,0.0227,0,5.18
5,-14.6,0.0224,0,5.19
5,-14.5,0.022,0,5.19
5,-14.4,0.0217,0,5.19
5,-14.3,0.0214,0,5.19
5,-14.2,0.021,0,5.19
5,-14.1,0.0207,0,5.19
5,-14,0.0203,0,5.19
5,-13.9,0.02,0,5.19
5,-13.8,0.0197,0,5.19
5,-13.7,0.0194,0,5.19
5,-13.6,0.019,0,5.19
5,-13.5,0.0187,0,5.19
5,-13.4,0.0184,0,5.19
5,-13.3,0.0181,0,5.2
5,-13.2,0.0178,0,5.2
5,-13.1,0.0175,0,5.2
5,-13,0.0172,0,5.2
5,-12.9,0.0169,0,5.2
5,-12.8,0.0166,0,5.2
5,-12.7,0.0163,0,5.2
5,-12.6,0.016,0,5.2
5,-12.5,0.0157,0,5.2
5,-12.4,0.0154,0,5.2
5,-12.3,0.0152,0,5.2
5,-12.2,0.0149,0,5.2
5,-12.1,0.0146,0,5.2
5,-12,0.0143,0,5.2
5,-11.9,0.0141,0,5.2
5,-11.8,0.0138,0,5.2
5,-11.7,0.0135,0,5.2
5,-11.6,0.0133,0,5.21
5,-11.5,0.013,0,5.21
5,-11.4,0.0128,0,5.21
5,-11.3,0.0125,0,5.21
5,-11.2,0.0123,0,5.21
5,-11.1,0.0121,0,5.21
5,-11,0.0118,0,5.21
5,-10.9,0.0116,0,5.21
5,-10.8,0.0113,0,5.21
5,-10.7,0.0111,0,5.21
5,-10.6,0.0109,0,5.21
5,-10.5,0.0107,0,5.21
5,-10.4,0.0104,0,5.21
5,-10.3,0.0102,0,5.21
5,-10.2,0.01,0,5.21
5,-10.1,0.00981,0,5.21
5,-10,0.0096,0,5.21
5,-9.9,0.00939,0,5.21
5,-9.8,0.00919,0,5.21
5,-9.7,0.00899,0,5.21
5,-9.6,0.0088,0,5.21
5,-9.5,0.0086,0,5.21
5,-9.4,0.00841,0,5.21
5,-9.3,0.00822,0,5.21
5,-9.2,0.00804,0,5.21
5,-9.1,0.00786,0,5.21
5,-9,0.00768,0,5.21
5,-8.9,0.0075,0,5.22
5,-8.8,0.00733,0,5.22
5,-8.7,0.00716,0,5.22
5,-8.6,0.00699,0,5.22
5,-8.5,0.00682,0,5.22
5,-8.4,0.00666,0,5.22
5,-8.3,0.0065,0,5.22
5,-8.2,0.00634,0,5.22
5,-8.1,0.00619,0,5.22
5,-8,0.00604,0,5.22
5,-7.9,0.00589,0,5.22
5,-7.8,0.00574,0,5.22
5,-7.7,0.0056,0,5.22
5,-7.6,0.00545,0,5.22
5,-7.5,0.00532,0,5.22
5,-7.4,0.00518,0,5.22
5,-7.3,0.00504,0,5.22
5,-7.2,0.00491,0,5.22
5,-7.1,0.00478,0,5.22
5,-7,0.00465,0,5.22
5,-6.9,0.00453,0,5.22
5,-6.8,0.00441,0,5.22
5,-6.7,0.00429,0,5.22
5,-6.6,0.00417,0,5.22
5,-6.5,0.00405,0,5.22
5,-6.4,0.00394,0,5.22
5,-6.3,0.00383,0,5.22
5,-6.2,0.00372,0,5.22
5,-6.1,0.00361,0,5.22
5,-6,0.00351,0,5.22
5,-5.9,0.0034,0,5.22
5,-5.8,0.0033,0,5.22
5,-5.7,0.0032,0,5.22
5,-5.6,0.00311,0,5.22
5,-5.5,0.00301,0,5.22
5,-5.4,0.00292,0,5.22
5,-5.3,0.00283,0,5.22
5,-5.2,0.00274,0,5.22
5,-5.1,0.00265,0,5.22
5,-5,0.00256,0,5.22
5,-4.9,0.00248,0,5.22
5,-4.8,0.0024,0,5.22
5,-4.7,0.00232,0,5.22
5,-4.6,0.00224,0,5.22
5,-4.5,0.00216,0,5.22
5,-4.4,0.00209,0,5.22
5,-4.3,0.00201,0,5.22
5,-4.2,0.00194,0,5.22
5,-4.1,0.00187,0,5.22
5,-4,0.0018,0,5.22
5,-3.9,0.00173,0,5.22
5,-3.8,0.00167,0,5.22
5,-3.7,0.0016,0,5.22
5,-3.6,0.00154,0,5.22
5,-3.5,0.00147,0,5.22
5,-3.4,0.00141,0,5.22
5,-3.3,0.00135,0,5.22
5,-3.2,0.00129,0,5.22
5,-3.1,0.00124,0,5.22
5,-3,0.00118,0,5.22
5,-2.9,0.00112,0,5.22
5,-2.8,0.00107,0,5.22
5,-2.7,0.00102,0,5.22
5,-2.6,0.000965,0,5.22
5,-2.5,0.000913,0,5.22
5,-2.4,0.000863,0,5.22
5,-2.3,0.000813,0,5.22
5,-2.2,0.000764,0,5.22
5,-2.1,0.000716,0,5.22
5,-2,0.000669,0,5.22
5,-1.9,0.000623,0,5.22
5,-1.8,0.000577,0,5.22
5,-1.7,0.000532,0,5.22
5,-1.6,0.000487,0,5.22
5,-1.5,0.000443,0,5.22
5,-1.4,0.0004,0,5.22
5,-1.3,0.000357,0,5.22
5,-1.2,0.000315,0,5.22
5,-1.1,0.000273,0,5.22
5,-1,0.000231,0,5.22
5,-0.9,0.00019,0,5.22
5,-0.8,0.000149,0,5.22
5,-0.7,0.000108,0,5.22
5,-0.6,6.78e-05,0,5.22
5,-0.5,2.76e-05,0,5.22
5,-0.4,1.25e-05,0,5.22
5,-0.3,5.24e-05,0,5.22
5,-0.2,9.22e-05,0,5.22
5,-0.1,0.000132,0,5.22
5,0,0.000172,0,5.22
5,0.1,0.000212,0,5.22
5,0.2,0.000251,0,5.22
5,0.3,0.000291,0,5.22
5,0.4,0.000332,0,5.22
5,0.5,0.000372,0,5.22
5,0.6,0.000412,0,5.22
5,0.7,0.000453,0,5.22
5,0.8,0.000494,0,5.22
5,0.9,0.000536,0,5.22
5,1,0.000577,0,5.22
5,1.1,0.00062,0,5.22
5,1.2,0.000662,0,5.22
5,1.3,0.000705,0,5.22
5,1.4,0.000749,0,5.22
5,1.5,0.000793,0,5.22
5,1.6,0.000838,0,5.22
5,1.7,0.000883,0,5.22
5,1.8,0.00093,0,5.22
5,1.9,0.000976,0,5.22
5,2,0.00102,0,5.22
5,2.1,0.00107,0,5.22
5,2.2,0.00112,0,5.22
5,2.3,0.00117,0,5.22
5,2.4,0.00122,0,5.22
5,2.5,0.00127,0,5.22
5,2.6,0.00133,0,5.22
5,2.7,0.00138,0,5.22
5,2.8,0.00144,0,5.22
5,2.9,0.00149,0,5.22
5,3,0.00155,0,5.22
5,3.1,0.00161,0,5.22
5,3.2,0.00167,0,5.22
5,3.3,0.00173,0,5.22
5,3.4,0.00179,0,5.22
5,3.5,0.00185,0,5.22
5,3.6,0.00192,0,5.22
5,3.7,0.00198,0,5.22
5,3.8,0.00205,0,5.22
5,3.9,0.00212,0,5.22
5,4,0.00219,0,5.22
5,4.1,0.00226,0,5.22
5,4.2,0.00233,0,5.22
5,4.3,0.00241,0,5.22
5,4.4,0.00248,0,5.22
5,4.5,0.00256,0,5.22
5,4.6,0.00264,0,5.22
5,4.7,0.00272,0,5.22
5,4.8,0.0028,0,5.22
5,4.9,0.00289,0,5.22
5,5,0.00298,0,5.22
5,5.1,0.00306,0,5.22
5,5.2,0.00315,0,5.22
5,5.3,0.00325,0,5.22
5,5.4,0.00334,0,5.22
5,5.5,0.00344,0,5.22
5,5.6,0.00353,0,5.22
5,5.7,0.00363,0,5.22
5,5.8,0.00374,0,5.22
5,5.9,0.00384,0,5.22
5,6,0.00395,0,5.22
5,6.1,0.00405,0,5.22
5,6.2,0.00416,0,5.22
5,6.3,0.00428,0,5.22
5,6.4,0.00439,0,5.22
5,6.5,0.00451,0,5.22
5,6.6,0.00463,0,5.22
5,6.7,0.00475,0,5.22
5,6.8,0.00487,0,5.22
5,6.9,0.005,0,5.22
5,7,0.00513,0,5.22
5,7.1,0.00526,0,5.22
5,7.2,0.00539,0,5.22
5,7.3,0.00552,0,5.22
5,7.4,0.00566,0,5.22
5,7.5,0.0058,0,5.22
5,7.6,0.00595,0,5.22
5,7.7,0.00609,0,5.22
5,7.8,0.00624,0,5.22
5,7.9,0.00639,0,5.22
5,8,0.00654,0,5.22
5,8.1,0.0067,0,5.22
5,8.2,0.00686,0,5.22
5,8.3,0.00702,0,5.22
5,8.4,0.00718,0,5.22
5,8.5,0.00735,0,5.21
5,8.6,0.00752,0,5.21
5,8.7,0.00769,0,5.21
5,8.8,0.00787,0,5.21
5,8.9,0.00804,0,5.21
5,9,0.00822,0,5.21
5,9.1,0.00841,0,5.21
5,9.2,0.00859,0,5.21
5,9.3,0.00878,0,5.21
5,9.4,0.00897,0,5.21
5,9.5,0.00917,0,5.21
5,9.6,0.00936,0,5.21
5,9.7,0.00956,0,5.21
5,9.8,0.00977,0,5.21
5,9.9,0.00997,0,5.21
5,10,0.0102,0,5.21
5,10.1,0.0104,0,5.21
5,10.2,0.0106,0,5.21
5,10.3,0.0108,0,5.21
5,10.4,0.011,0,5.21
5,10.5,0.0113,0,5.21
5,10.6,0.0115,0,5.21
5,10.7,0.0117,0,5.21
5,10.8,0.012,0,5.21
5,10.9,0.0122,0,5.21
5,11,0.0124,0,5.21
5,11.1,0.0127,0,5.21
5,11.2,0.0129,0,5.21
5,11.3,0.0132,0,5.2
5,11.4,0.0134,0,5.2
5,11.5,0.0137,0,5.2
5,11.6,0.0139,0,5.2
5,11.7,0.0142,0,5.2
5,11.8,0.0145,0,5.2
5,11.9,0.0147,0,5.2
5,12,0.015,0,5.2
5,12.1,0.0153,0,5.2
5,12.2,0.0156,0,5.2
5,12.3,0.0158,0,5.2
5,12.4,0.0161,0,5.2
5,12.5,0.0164,0,5.2
5,12.6,0.0167,0,5.2
5,12.7,0.017,0,5.2
5,12.8,0.0173,0,5.2
5,12.9,0.0176,0,5.2
5,13,0.0179,0,5.19
5,13.1,0.0182,0,5.19
5,13.2,0.0185,0,5.19
5,13.3,0.0188,0,5.19
5,13.4,0.0191,0,5.19
5,13.5,0.0195,0,5.19
5,13.6,0.0198,0,5.19
5,13.7,0.0201,0,5.19
5,13.8,0.0204,0,5.19
5,13.9,0.0208,0,5.19
5,14,0.0211,0,5.19
5,14.1,0.0214,0,5.19
5,14.2,0.0218,0,5.19
5,14.3,0.0221,0,5.18
5,14.4,0.0225,0,5.18
5,14.5,0.0228,0,5.18
5,14.6,0.0232,0,5.18
5,14.7,0.0235,0,5.18
5,14.8,0.0239,0,5.18
5,14.9,0.0243,0,5.18
5,15,0.0246,0,5.18
5,15.1,0.025,0,5.18
5,15.2,0.0254,0,5.18
5,15.3,0.0257,0,5.18
5,15.4,0.0261,0,5.17
5,15.5,0.0265,0,5.17
5,15.6,0.0269,0,5.17
5,15.7,0.0273,0,5.17
5,15.8,0.0277,0,5.17
5,15.9,0.0281,0,5.17
5,16,0.0285,0,5.17
5,16.1,0.0289,0,5.17
5,16.2,0.0293,0,5.17
5,16.3,0.0297,0,5.17
5,16.4,0.0301,0,5.16
5,16.5,0.0305,0,5.16
5,16.6,0.0309,0,5.16
5,16.7,0.0313,0,5.16
5,16.8,0.0318,0,5.16
5,16.9,0.0322,0,5.16
5,17,0.0326,0,5.16
5,17.1,0.0331,0,5.16
5,17.2,0.0335,0,5.15
5,17.3,0.0339,0,5.15
5,17.4,0.0344,0,5.15
5,17.5,0.0348,0,5.15
5,17.6,0.0353,0,5.15
5,17.7,0.0357,0,5.15
5,17.8,0.0362,0,5.15
5,17.9,0.0366,0,5.14
5,18,0.0371,0,5.14
5,18.1,0.0375,0,5.14
5,18.2,0.038,0,5.14
5,18.3,0.0385,0,5.14
5,18.4,0.0389,0,5.14
5,18.5,0.0394,0,5.14
5,18.6,0.0399,0,5.13
5,18.7,0.0404,0,5.13
5,18.8,0.0408,0,5.13
5,18.9,0.0413,0,5.13
5,19,0.0418,0,5.13
5,19.1,0.0423,0,5.13
5,19.2,0.0428,0,5.12
5,19.3,0.0433,0,5.12
5,19.4,0.0438,0,5.12
5,19.5,0.0443,0,5.12
5,19.6,0.0448,0,5.12
5,19.7,0.0453,0,5.12
5,19.8,0.0458,0,5.11
5,19.9,0.0463,0,5.11
5,20,0.0468,0,5.11
5.5,-20,0.0503,0,5.12
5.5,-19.9,0.0497,0,5.12
5.5,-19.8,0.0492,0,5.12
5.5,-19.7,0.0486,0,5.12
5.5,-19.6,0.048,0,5.12
5.5,-19.5,0.0475,0,5.13
5.5,-19.4,0.0469,0,5.13
5.5,-19.3,0.0464,0,5.13
5.5,-19.2,0.0459,0,5.13
5.5,-19.1,0.0453,0,5.13
5.5,-19,0.0448,0,5.13
5.5,-18.9,0.0442,0,5.14
5.5,-18.8,0.0437,0,5.14
5.5,-18.7,0.0432,0,5.14
5.5,-18.6,0.0427,0,5.14
5.5,-18.5,0.0421,0,5.14
5.5,-18.4,0.0416,0,5.14
5.5,-18.3,0.0411,0,5.15
5.5,-18.2,0.0406,0,5.15
5.5,-18.1,0.0401,0,5.15
5.5,-18,0.0396,0,5.15
5.5,-17.9,0.0391,0,5.15
5.5,-17.8,0.0386,0,5.15
5.5,-17.7,0.0381,0,5.15
5.5,-17.6,0.0376,0,5.15
5.5,-17.5,0.0371,0,5.16
5.5,-17.4,0.0366,0,5.16
5.5,-17.3,0.0361,0,5.16
5.5,-17.2,0.0357,0,5.16
5.5,-17.1,0.0352,0,5.16
5.5,-17,0.0347,0,5.16
5.5,-16.9,0.0342,0,5.16
5.5,-16.8,0.0338,0,5.16
5.5,-16.7,0.0333,0,5.17
5.5,-16.6,0.0329,0,5.17
5.5,-16.5,0.0324,0,5.17
5.5,-16.4,0.0319,0,5.17
5.5,-16.3,0.0315,0,5.17
5.5,-16.2,0.0311,0,5.17
5.5,-16.1,0.0306,0,5.17
5.5,-16,0.0302,0,5.17
5.5,-15.9,0.0297,0,5.17
5.5,-15.8,0.0293,0,5.18
5.5,-15.7,0.0289,0,5.18
5.5,-15.6,0.0285,0,5.18
5.5,-15.5,0.028,0,5.18
5.5,-15.4,0.0276,0,5.18
5.5,-15.3,0.0272,0,5.18
5.5,-15.2,0.0268,0,5.18
5.5,-15.1,0.0264,0,5.18
5.5,-15,0.026,0,5.18
5.5,-14.9,0.0256,0,5.18
5.5,-14.8,0.0252,0,5.19
5.5,-14.7,0.0248,0,5.19
5.5,-14.6,0.0244,0,5.19
5.5,-14.5,0.024,0,5.19
5.5,-14.4,0.0236,0,5.19
5.5,-14.3,0.0233,0,5.19
5.5,-14.2,0.0229,0,5.19
5.5,-14.1,0.0225,0,5.19
5.5,-14,0.0221,0,5.19
5.5,-13.9,0.0218,0,5.19
5.5,-13.8,0.0214,0,5.19
5.5,-13.7,0.0211,0,5.19
5.5,-13.6,0.0207,0,5.19
5.5,-13.5,0.0204,0,5.2
5.5,-13.4,0.02,0,5.2
5.5,-13.3,0.0197,0,5.2
5.5,-13.2,0.0193,0,5.2
5.5,-13.1,0.019,0,5.2
5.5,-13,0.0187,0,5.2
5.5,-12.9,0.0183,0,5.2
5.5,-12.8,0.018,0,5.2
5.5,-12.7,0.0177,0,5.2
5.5,-12.6,0.0174,0,5.2
5.5,-12.5,0.0171,0,5.2
5.5,-12.4,0.0168,0,5.2
5.5,-12.3,0.0164,0,5.2
5.5,-12.2,0.0161,0,5.2
5.5,-12.1,0.0158,0,5.2
5.5,-12,0.0155,0,5.2
5.5,-11.9,0.0153,0,5.21
5.5,-11.8,0.015,0,5.21
5.5,-11.7,0.0147,0,5.21
5.5,-11.6,0.0144,0,5.21
5.5,-11.5,0.0141,0,5.21
5.5,-11.4,0.0138,0,5.21
5.5,-11.3,0.0136,0,5.21
5.5,-11.2,0.0133,0,5.21
5.5,-11.1,0.013,0,5.21
5.5,-11,0.0128,0,5.21
5.5,-10.9,0.0125,0,5.21
5.5,-10.8,0.0123,0,5.21
5.5,-10.7,0.012,0,5.21
5.5,-10.6,0.0118,0,5.21
5.5,-10.5,0.0115,0,5.21
5.5,-10.4,0.0113,0,5.21
5.5,-10.3,0.011,0,5.21
5.5,-10.2,0.0108,0,5.21
5.5,-10.1,0.0106,0,5.21
5.5,-10,0.0103,0,5.21
5.5,-9.9,0.0101,0,5.21
5.5,-9.8,0.0099,0,5.21
5.5,-9.7,0.00968,0,5.21
5.5,-9.6,0.00947,0,5.21
5.5,-9.5,0.00926,0,5.21
5.5,-9.4,0.00905,0,5.21
5.5,-9.3,0.00884,0,5.22
5.5,-9.2,0.00864,0,5.22
5.5,-9.1,0.00844,0,5.22
5.5,-9,0.00825,0,5.22
5.5,-8.9,0.00805,0,5.22
5.5,-8.8,0.00787,0,5.22
5.5,-8.7,0.00768,0,5.22
5.5,-8.6,0.0075,0,5.22
5.5,-8.5,0.00731,0,5.22
5.5,-8.4,0.00714,0,5.22
5.5,-8.3,0.00696,0,5.22
5.5,-8.2,0.00679,0,5.22
5.5,-8.1,0.00662,0,5.22
5.5,-8,0.00646,0,5.22
5.5,-7.9,0.00629,0,5.22
5.5,-7.8,0.00613,0,5.22
5.5,-7.7,0.00598,0,5.22
5.5,-7.6,0.00582,0,5.22
5.5,-7.5,0.00567,0,5.22
5.5,-7.4,0.00552,0,5.22
5.5,-7.3,0.00538,0,5.22
5.5,-7.2,0.00523,0,5.22
5.5,-7.1,0.00509,0,5.22
5.5,-7,0.00495,0,5.22
5.5,-6.9,0.00482,0,5.22
5.5,-6.8,0.00468,0,5.22
5.5,-6.7,0.00455,0,5.22
5.5,-6.6,0.00443,0,5.22
5.5,-6.5,0.0043,0,5.22
5.5,-6.4,0.00418,0,5.22
5.5,-6.3,0.00406,0,5.22
5.5,-6.2,0.00394,0,5.22
5.5,-6.1,0.00382,0,5.22
5.5,-6,0.00371,0,5.22
5.5,-5.9,0.0036,0,5.22
5.5,-5.8,0.00349,0,5.22
5.5,-5.7,0.00338,0,5.22
5.5,-5.6,0.00328,0,5.22
5.5,-5.5,0.00317,0,5.22
5.5,-5.4,0.00307,0,5.22
5.5,-5.3,0.00298,0,5.22
5.5,-5.2,0.00288,0,5.22
5.5,-5.1,0.00279,0,5.22
5.5,-5,0.00269,0,5.22
5.5,-4.9,0.0026,0,5.22
5.5,-4.8,0.00252,0,5.22
5.5,-4.7,0.00243,0,5.22
5.5,-4.6,0.00235,0,5.22
5.5,-4.5,0.00226,0,5.22
5.5,-4.4,0.00218,0,5.22
5.5,-4.3,0.0021,0,5.22
5.5,-4.2,0.00203,0,5.22
5.5,-4.1,0.00195,0,5.22
5.5,-4,0.00188,0,5.22
5.5,-3.9,0.00181,0,5.22
5.5,-3.8,0.00173,0,5.22
5.5,-3.7,0.00167,0,5.22
5.5,-3.6,0.0016,0,5.22
5.5,-3.5,0.00153,0,5.22
5.5,-3.4,0.00147,0,5.22
5.5,-3.3,0.0014,0,5.22
5.5,-3.2,0.00134,0,5.22
5.5,-3.1,0.00128,0,5.22
5.5,-3,0.00122,0,5.22
5.5,-2.9,0.00116,0,5.22
5.5,-2.8,0.0011,0,5.22
5.5,-2.7,0.00105,0,5.22
5.5,-2.6,0.000993,0,5.22
5.5,-2.5,0.000939,0,5.22
5.5,-2.4,0.000886,0,5.22
5.5,-2.3,0.000834,0,5.22
5.5,-2.2,0.000783,0,5.22
5.5,-2.1,0.000733,0,5.22
5.5,-2,0.000684,0,5.22
5.5,-1.9,0.000636,0,5.22
5.5,-1.8,0.000588,0,5.22
5.5,-1.7,0.000541,0,5.22
5.5,-1.6,0.000495,0,5.22
5.5,-1.5,0.000449,0,5.22
5.5,-1.4,0.000404,0,5.22
5.5,-1.3,0.000359,0,5.22
5.5,-1.2,0.000315,0,5.22
5.5,-1.1,0.000272,0,5.22
5.5,-1,0.000229,0,5.22
5.5,-0.9,0.000186,0,5.22
5.5,-0.8,0.000144,0,5.22
5.5,-0.7,0.000102,0,5.22
5.5,-0.6,6.02e-05,0,5.22
5.5,-0.5,1.87e-05,0,5.22
5.5,-0.4,2.26e-05,0,5.22
5.5,-0.3,6.38e-05,0,5.22
5.5,-0.2,0.000105,0,5.22
5.5,-0.1,0.000146,0,5.22
5.5,0,0.000187,0,5.22
5.5,0.1,0.000228,0,5.22
5.5,0.2,0.000269,0,5.22
5.5,0.3,0.00031,0,5.22
5.5,0.4,0.000352,0,5.22
5.5,0.5,0.000393,0,5.22
5.5,0.6,0.000435,0,5.22
5.5,0.7,0.000478,0,5.22
5.5,0.8,0.00052,0,5.22
5.5,0.9,0.000563,0,5.22
5.5,1,0.000606,0,5.22
5.5,1.1,0.00065,0,5.22
5.5,1.2,0.000694,0,5.22
5.5,1.3,0.000739,0,5.22
5.5,1.4,0.000784,0,5.22
5.5,1.5,0.00083,0,5.22
5.5,1.6,0.000877,0,5.22
5.5,1.7,0.000924,0,5.22
5.5,1.8,0.000972,0,5.22
5.5,1.9,0.00102,0,5.22
5.5,2,0.00107,0,5.22
5.5,2.1,0.00112,0,5.22
5.5,2.2,0.00117,0,5.22
5.5,2.3,0.00122,0,5.22
5.5,2.4,0.00128,0,5.22
5.5,2.5,0.00133,0,5.22
5.5,2.6,0.00139,0,5.22
5.5,2.7,0.00144,0,5.22
5.5,2.8,0.0015,0,5.22
5.5,2.9,0.00156,0,5.22
5.5,3,0.00162,0,5.22
5.5,3.1,0.00168,0,5.22
5.5,3.2,0.00175,0,5.22
5.5,3.3,0.00181,0,5.22
5.5,3.4,0.00188,0,5.22
5.5,3.5,0.00194,0,5.22
5.5,3.6,0.00201,0,5.22
5.5,3.7,0.00208,0,5.22
5.5,3.8,0.00215,0,5.22
5.5,3.9,0.00223,0,5.22
5.5,4,0.0023,0,5.22
5.5,4.1,0.00238,0,5.22
5.5,4.2,0.00245,0,5.22
5.5,4.3,0.00253,0,5.22
5.5,4.4,0.00262,0,5.22
5.5,4.5,0.0027,0,5.22
5.5,4.6,0.00278,0,5.22
5.5,4.7,0.00287,0,5.22
5.5,4.8,0.00296,0,5.22
5.5,4.9,0.00305,0,5.22
5.5,5,0.00314,0,5.22
5.5,5.1,0.00324,0,5.22
5.5,5.2,0.00334,0,5.22
5.5,5.3,0.00343,0,5.22
5.5,5.4,0.00354,0,5.22
5.5,5.5,0.00364,0,5.22
5.5,5.6,0.00374,0,5.22
5.5,5.7,0.00385,0,5.22
5.5,5.8,0.00396,0,5.22
5.5,5.9,0.00407,0,5.22
5.5,6,0.00419,0,5.22
5.5,6.1,0.00431,0,5.22
5.5,6.2,0.00442,0,5.22
5.5,6.3,0.00455,0,5.22
5.5,6.4,0.00467,0,5.22
5.5,6.5,0.0048,0,5.22
5.5,6.6,0.00493,0,5.22
5.5,6.7,0.00506,0,5.22
5.5,6.8,0.00519,0,5.22
5.5,6.9,0.00533,0,5.22
5.5,7,0.00547,0,5.22
5.5,7.1,0.00561,0,5.22
5.5,7.2,0.00575,0,5.22
5.5,7.3,0.0059,0,5.22
5.5,7.4,0.00605,0,5.22
5.5,7.5,0.00621,0,5.22
5.5,7.6,0.00636,0,5.22
5.5,7.7,0.00652,0,5.22
5.5,7.8,0.00668,0,5.22
5.5,7.9,0.00684,0,5.22
5.5,8,0.00701,0,5.22
5.5,8.1,0.00718,0,5.22
5.5,8.2,0.00735,0,5.22
5.5,8.3,0.00753,0,5.22
5.5,8.4,0.00771,0,5.22
5.5,8.5,0.00789,0,5.22
5.5,8.6,0.00808,0,5.22
5.5,8.7,0.00826,0,5.22
5.5,8.8,0.00845,0,5.22
5.5,8.9,0.00865,0,5.21
5.5,9,0.00884,0,5.21
5.5,9.1,0.00904,0,5.21
5.5,9.2,0.00925,0,5.21
5.5,9.3,0.00945,0,5.21
5.5,9.4,0.00966,0,5.21
5.5,9.5,0.00988,0,5.21
5.5,9.6,0.0101,0,5.21
5.5,9.7,0.0103,0,5.21
5.5,9.8,0.0105,0,5.21
5.5,9.9,0.0108,0,5.21
5.5,10,0.011,0,5.21
5.5,10.1,0.0112,0,5.21
5.5,10.2,0.0115,0,5.21
5.5,10.3,0.0117,0,5.21
5.5,10.4,0.0119,0,5.21
5.5,10.5,0.0122,0,5.21
5.5,10.6,0.0124,0,5.21
5.5,10.7,0.0127,0,5.21
5.5,10.8,0.0129,0,5.21
5.5,10.9,0.0132,0,5.21
5.5,11,0.0135,0,5.21
5.5,11.1,0.0137,0,5.21
5.5,11.2,0.014,0,5.21
5.5,11.3,0.0143,0,5.21
5.5,11.4,0.0145,0,5.21
5.5,11.5,0.0148,0,5.2
5.5,11.6,0.0151,0,5.2
5.5,11.7,0.0154,0,5.2
5.5,11.8,0.0157,0,5.2
5.5,11.9,0.016,0,5.2
5.5,12,0.0163,0,5.2
5.5,12.1,0.0166,0,5.2
5.5,12.2,0.0169,0,5.2
5.5,12.3,0.0172,0,5.2
5.5,12.4,0.0175,0,5.2
5.5,12.5,0.0178,0,5.2
5.5,12.6,0.0181,0,5.2
5.5,12.7,0.0185,0,5.2
5.5,12.8,0.0188,0,5.2
5.5,12.9,0.0191,0,5.2
5.5,13,0.0194,0,5.2
5.5,13.1,0.0198,0,5.2
5.5,13.2,0.0201,0,5.2
5.5,13.3,0.0205,0,5.19
5.5,13.4,0.0208,0,5.19
5.5,13.5,0.0212,0,5.19
5.5,13.6,0.0215,0,5.19
5.5,13.7,0.0219,0,5.19
5.5,13.8,0.0222,0,5.19
5.5,13.9,0.0226,0,5.19
5.5,14,0.023,0,5.19
5.5,14.1,0.0233,0,5.19
5.5,14.2,0.0237,0,5.19
5.5,14.3,0.0241,0,5.19
5.5,14.4,0.0245,0,5.19
5.5,14.5,0.0249,0,5.19
5.5,14.6,0.0253,0,5.18
5.5,14.7,0.0257,0,5.18
5.5,14.8,0.0261,0,5.18
5.5,14.9,0.0265,0,5.18
5.5,15,0.0269,0,5.18
5.5,15.1,0.0273,0,5.18
5.5,15.2,0.0277,0,5.18
5.5,15.3,0.0281,0,5.18
5.5,15.4,0.0285,0,5.18
5.5,15.5,0.0289,0,5.18
5.5,15.6,0.0294,0,5.17
5.5,15.7,0.0298,0,5.17
5.5,15.8,0.0302,0,5.17
5.5,15.9,0.0307,0,5.17
5.5,16,0.0311,0,5.17
5.5,16.1,0.0315,0,5.17
5.5,16.2,0.032,0,5.17
5.5,16.3,0.0324,0,5.17
5.5,16.4,0.0329,0,5.17
5.5,16.5,0.0333,0,5.16
5.5,16.6,0.0338,0,5.16
5.5,16.7,0.0343,0,5.16
5.5,16.8,0.0347,0,5.16
5.5,16.9,0.0352,0,5.16
5.5,17,0.0357,0,5.16
5.5,17.1,0.0361,0,5.16
5.5,17.2,0.0366,0,5.16
5.5,17.3,0.0371,0,5.16
5.5,17.4,0.0376,0,5.15
5.5,17.5,0.0381,0,5.15
5.5,17.6,0.0386,0,5.15
5.5,17.7,0.0391,0,5.15
5.5,17.8,0.0396,0,5.15
5.5,17.9,0.0401,0,5.15
5.5,18,0.0406,0,5.15
5.5,18.1,0.0411,0,5.14
5.5,18.2,0.0416,0,5.14
5.5,18.3,0.0421,0,5.14
5.5,18.4,0.0426,0,5.14
5.5,18.5,0.0432,0,5.14
5.5,18.6,0.0437,0,5.14
5.5,18.7,0.0442,0,5.13
5.5,18.8,0.0447,0,5.13
5.5,18.9,0.0453,0,5.13
5.5,19,0.0458,0,5.13
5.5,19.1,0.0463,0,5.13
5.5,19.2,0.0469,0,5.13
5.5,19.3,0.0474,0,5.13
5.5,19.4,0.048,0,5.12
5.5,19.5,0.0485,0,5.12
5.5,19.6,0.0491,0,5.12
5.5,19.7,0.0496,0,5.12
5.5,19.8,0.0502,0,5.12
5.5,19.9,0.0508,0,5.11
5.5,20,0.0513,0,5.11
6,-20,0.0546,0,5.12
6,-19.9,0.054,0,5.12
6,-19.8,0.0534,0,5.12
6,-19.7,0.0528,0,5.13
6,-19.6,0.0522,0,5.13
6,-19.5,0.0516,0,5.13
6,-19.4,0.051,0,5.13
6,-19.3,0.0504,0,5.13
6,-19.2,0.0498,0,5.13
6,-19.1,0.0492,0,5.14
6,-19,0.0486,0,5.14
6,-18.9,0.048,0,5.14
6,-18.8,0.0475,0,5.14
6,-18.7,0.0469,0,5.14
6,-18.6,0.0463,0,5.14
6,-18.5,0.0457,0,5.15
6,-18.4,0.0452,0,5.15
6,-18.3,0.0446,0,5.15
6,-18.2,0.044,0,5.15
6,-18.1,0.0435,0,5.15
6,-18,0.0429,0,5.15
6,-17.9,0.0424,0,5.15
6,-17.8,0.0418,0,5.15
6,-17.7,0.0413,0,5.16
6,-17.6,0.0408,0,5.16
6,-17.5,0.0402,0,5.16
6,-17.4,0.0397,0,5.16
6,-17.3,0.0392,0,5.16
6,-17.2,0.0386,0,5.16
6,-17.1,0.0381,0,5.16
6,-17,0.0376,0,5.17
6,-16.9,0.0371,0,5.17
6,-16.8,0.0366,0,5.17
6,-16.7,0.0361,0,5.17
6,-16.6,0.0356,0,5.17
6,-16.5,0.0351,0,5.17
6,-16.4,0.0346,0,5.17
6,-16.3,0.0341,0,5.17
6,-16.2,0.0336,0,5.17
6,-16.1,0.0331,0,5.18
6,-16,0.0326,0,5.18
6,-15.9,0.0322,0,5.18
6,-15.8,0.0317,0,5.18
6,-15.7,0.0312,0,5.18
6,-15.6,0.0308,0,5.18
6,-15.5,0.0303,0,5.18
6,-15.4,0.0299,0,5.18
6,-15.3,0.0294,0,5.18
6,-15.2,0.029,0,5.18
6,-15.1,0.0285,0,5.18
6,-15,0.0281,0,5.19
6,-14.9,0.0276,0,5.19
6,-14.8,0.0272,0,5.19
6,-14.7,0.0268,0,5.19
6,-14.6,0.0263,0,5.19
6,-14.5,0.0259,0,5.19
6,-14.4,0.0255,0,5.19
6,-14.3,0.0251,0,5.19
6,-14.2,0.0247,0,5.19
6,-14.1,0.0243,0,5.19
6,-14,0.0239,0,5.19
6,-13.9,0.0235,0,5.19
6,-13.8,0.0231,0,5.2
6,-13.7,0.0227,0,5.2
6,-13.6,0.0223,0,5.2
6,-13.5,0.0219,0,5.2
6,-13.4,0.0216,0,5.2
6,-13.3,0.0212,0,5.2
6,-13.2,0.0208,0,5.2
6,-13.1,0.0205,0,5.2
6,-13,0.0201,0,5.2
6,-12.9,0.0197,0,5.2
6,-12.8,0.0194,0,5.2
6,-12.7,0.019,0,5.2
6,-12.6,0.0187,0,5.2
6,-12.5,0.0183,0,5.2
6,-12.4,0.018,0,5.2
6,-12.3,0.0177,0,5.2
6,-12.2,0.0173,0,5.21
6,-12.1,0.017,0,5.21
6,-12,0.0167,0,5.21
6,-11.9,0.0164,0,5.21
6,-11.8,0.0161,0,5.21
6,-11.7,0.0157,0,5.21
6,-11.6,0.0154,0,5.21
6,-11.5,0.0151,0,5.21
6,-11.4,0.0148,0,5.21
6,-11.3,0.0145,0,5.21
6,-11.2,0.0142,0,5.21
6,-11.1,0.014,0,5.21
6,-11,0.0137,0,5.21
6,-10.9,0.0134,0,5.21
6,-10.8,0.0131,0,5.21
6,-10.7,0.0128,0,5.21
6,-10.6,0.0126,0,5.21
6,-10.5,0.0123,0,5.21
6,-10.4,0.012,0,5.21
6,-10.3,0.0118,0,5.21
6,-10.2,0.0115,0,5.21
6,-10.1,0.0113,0,5.21
6,-10,0.011,0,5.21
6,-9.9,0.0108,0,5.21
6,-9.8,0.0106,0,5.21
6,-9.7,0.0103,0,5.22
6,-9.6,0.0101,0,5.22
6,-9.5,0.00985,0,5.22
6,-9.4,0.00963,0,5.22
6,-9.3,0.0094,0,5.22
6,-9.2,0.00918,0,5.22
6,-9.1,0.00897,0,5.22
6,-9,0.00876,0,5.22
6,-8.9,0.00855,0,5.22
6,-8.8,0.00834,0,5.22
6,-8.7,0.00814,0,5.22
6,-8.6,0.00794,0,5.22
6,-8.5,0.00775,0,5.22
6,-8.4,0.00756,0,5.22
6,-8.3,0.00737,0,5.22
6,-8.2,0.00718,0,5.22
6,-8.1,0.007,0,5.22
6,-8,0.00682,0,5.22
6,-7.9,0.00665,0,5.22
6,-7.8,0.00647,0,5.22
6,-7.7,0.0063,0,5.22
6,-7.6,0.00614,0,5.22
6,-7.5,0.00597,0,5.22
6,-7.4,0.00581,0,5.22
6,-7.3,0.00566,0,5.22
6,-7.2,0.0055,0,5.22
6,-7.1,0.00535,0,5.22
6,-7,0.0052,0,5.22
6,-6.9,0.00506,0,5.22
6,-6.8,0.00491,0,5.22
6,-6.7,0.00477,0,5.22
6,-6.6,0.00464,0,5.22
6,-6.5,0.0045,0,5.22
6,-6.4,0.00437,0,5.22
6,-6.3,0.00424,0,5.22
6,-6.2,0.00411,0,5.22
6,-6.1,0.00399,0,5.22
6,-6,0.00387,0,5.22
6,-5.9,0.00375,0,5.22
6,-5.8,0.00363,0,5.22
6,-5.7,0.00352,0,5.22
6,-5.6,0.00341,0,5.22
6,-5.5,0.0033,0,5.22
6,-5.4,0.00319,0,5.22
6,-5.3,0.00309,0,5.22
6,-5.2,0.00299,0,5.22
6,-5.1,0.00289,0,5.22
6,-5,0.00279,0,5.22
6,-4.9,0.00269,0,5.22
6,-4.8,0.0026,0,5.22
6,-4.7,0.00251,0,5.22
6,-4.6,0.00242,0,5.22
6,-4.5,0.00233,0,5.22
6,-4.4,0.00225,0,5.22
6,-4.3,0.00216,0,5.22
6,-4.2,0.00208,0,5.22
6,-4.1,0.002,0,5.22
6,-4,0.00192,0,5.22
6,-3.9,0.00185,0,5.22
6,-3.8,0.00177,0,5.22
6,-3.7,0.0017,0,5.22
6,-3.6,0.00163,0,5.22
6,-3.5,0.00156,0,5.22
6,-3.4,0.00149,0,5.22
6,-3.3,0.00143,0,5.22
6,-3.2,0.00136,0,5.22
6,-3.1,0.0013,0,5.22
6,-3,0.00124,0,5.22
6,-2.9,0.00118,0,5.22
6,-2.8,0.00112,0,5.22
6,-2.7,0.00106,0,5.22
6,-2.6,0.001,0,5.22
6,-2.5,0.000946,0,5.22
6,-2.4,0.000892,0,5.22
6,-2.3,0.000838,0,5.22
6,-2.2,0.000786,0,5.22
6,-2.1,0.000734,0,5.22
6,-2,0.000684,0,5.22
6,-1.9,0.000634,0,5.22
6,-1.8,0.000585,0,5.22
6,-1.7,0.000537,0,5.22
6,-1.6,0.00049,0,5.22
6,-1.5,0.000443,0,5.22
6,-1.4,0.000397,0,5.22
6,-1.3,0.000352,0,5.22
6,-1.2,0.000307,0,5.22
6,-1.1,0.000263,0,5.22
6,-1,0.000219,0,5.22
6,-0.9,0.000176,0,5.22
6,-0.8,0.000133,0,5.22
6,-0.7,9.07e-05,0,5.22
6,-0.6,4.85e-05,0,5.22
6,-0.5,6.44e-06,0,5.22
6,-0.4,3.54e-05,0,5.22
6,-0.3,7.7e-05,0,5.22
6,-0.2,0.000119,0,5.22
6,-0.1,0.00016,0,5.22
6,0,0.000202,0,5.22
6,0.1,0.000243,0,5.22
6,0.2,0.000285,0,5.22
6,0.3,0.000326,0,5.22
6,0.4,0.000368,0,5.22
6,0.5,0.000411,0,5.22
6,0.6,0.000453,0,5.22
6,0.7,0.000496,0,5.22
6,0.8,0.000539,0,5.22
6,0.9,0.000582,0,5.22
6,1,0.000626,0,5.22
6,1.1,0.000671,0,5.22
6,1.2,0.000716,0,5.22
6,1.3,0.000761,0,5.22
6,1.4,0.000807,0,5.22
6,1.5,0.000854,0,5.22
6,1.6,0.000902,0,5.22
6,1.7,0.00095,0,5.22
6,1.8,0.000999,0,5.22
6,1.9,0.00105,0,5.22
6,2,0.0011,0,5.22
6,2.1,0.00115,0,5.22
6,2.2,0.00121,0,5.22
6,2.3,0.00126,0,5.22
6,2.4,0.00131,0,5.22
6,2.5,0.00137,0,5.22
6,2.6,0.00143,0,5.22
6,2.7,0.00149,0,5.22
6,2.8,0.00155,0,5.22
6,2.9,0.00161,0,5.22
6,3,0.00167,0,5.22
6,3.1,0.00173,0,5.22
6,3.2,0.0018,0,5.22
6,3.3,0.00187,0,5.22
6,3.4,0.00194,0,5.22
6,3.5,0.00201,0,5.22
6,3.6,0.00208,0,5.22
6,3.7,0.00215,0,5.22
6,3.8,0.00223,0,5.22
6,3.9,0.0023,0,5.22
6,4,0.00238,0,5.22
6,4.1,0.00246,0,5.22
6,4.2,0.00254,0,5.22
6,4.3,0.00263,0,5.22
6,4.4,0.00271,0,5.22
6,4.5,0.0028,0,5.22
6,4.6,0.00289,0,5.22
6,4.7,0.00298,0,5.22
6,4.8,0.00308,0,5.22
6,4.9,0.00318,0,5.22
6,5,0.00327,0,5.22
6,5.1,0.00337,0,5.22
6,5.2,0.00348,0,5.22
6,5.3,0.00358,0,5.22
6,5.4,0.00369,0,5.22
6,5.5,0.0038,0,5.22
6,5.6,0.00391,0,5.22
6,5.7,0.00403,0,5.22
6,5.8,0.00415,0,5.22
6,5.9,0.00427,0,5.22
6,6,0.00439,0,5.22
6,6.1,0.00451,0,5.22
6,6.2,0.00464,0,5.22
6,6.3,0.00477,0,5.22
6,6.4,0.0049,0,5.22
6,6.5,0.00504,0,5.22
6,6.6,0.00518,0,5.22
6,6.7,0.00532,0,5.22
6,6.8,0.00546,0,5.22
6,6.9,0.00561,0,5.22
6,7,0.00576,0,5.22
6,7.1,0.00591,0,5.22
6,7.2,0.00607,0,5.22
6,7.3,0.00623,0,5.22
6,7.4,0.00639,0,5.22
6,7.5,0.00655,0,5.22
6,7.6,0.00672,0,5.22
6,7.7,0.00689,0,5.22
6,7.8,0.00707,0,5.22
6,7.9,0.00724,0,5.22
6,8,0.00742,0,5.22
6,8.1,0.00761,0,5.22
6,8.2,0.00779,0,5.22
6,8.3,0.00798,0,5.22
6,8.4,0.00818,0,5.22
6,8.5,0.00837,0,5.22
6,8.6,0.00857,0,5.22
6,8.7,0.00878,0,5.22
6,8.8,0.00898,0,5.22
6,8.9,0.00919,0,5.22
6,9,0.00941,0,5.22
6,9.1,0.00962,0,5.22
6,9.2,0.00984,0,5.21
6,9.3,0.0101,0,5.21
6,9.4,0.0103,0,5.21
6,9.5,0.0105,0,5.21
6,9.6,0.0108,0,5.21
6,9.7,0.011,0,5.21
6,9.8,0.0112,0,5.21
6,9.9,0.0115,0,5.21
6,10,0.0117,0,5.21
6,10.1,0.012,0,5.21
6,10.2,0.0122,0,5.21
6,10.3,0.0125,0,5.21
6,10.4,0.0128,0,5.21
6,10.5,0.013,0,5.21
6,10.6,0.0133,0,5.21
6,10.7,0.0136,0,5.21
6,10.8,0.0139,0,5.21
6,10.9,0.0141,0,5.21
6,11,0.0144,0,5.21
6,11.1,0.0147,0,5.21
6,11.2,0.015,0,5.21
6,11.3,0.0153,0,5.21
6,11.4,0.0156,0,5.21
6,11.5,0.0159,0,5.21
6,11.6,0.0162,0,5.21
6,11.7,0.0165,0,5.21
6,11.8,0.0168,0,5.2
6,11.9,0.0172,0,5.2
6,12,0.0175,0,5.2
6,12.1,0.0178,0,5.2
6,12.2,0.0181,0,5.2
6,12.3,0.0185,0,5.2
6,12.4,0.0188,0,5.2
6,12.5,0.0192,0,5.2
6,12.6,0.0195,0,5.2
6,12.7,0.0199,0,5.2
6,12.8,0.0202,0,5.2
6,12.9,0.0206,0,5.2
6,13,0.0209,0,5.2
6,13.1,0.0213,0,5.2
6,13.2,0.0217,0,5.2
6,13.3,0.0221,0,5.2
6,13.4,0.0224,0,5.2
6,13.5,0.0228,0,5.19
6,13.6,0.0232,0,5.19
6,13.7,0.0236,0,5.19
6,13.8,0.024,0,5.19
6,13.9,0.0244,0,5.19
6,14,0.0248,0,5.19
6,14.1,0.0252,0,5.19
6,14.2,0.0256,0,5.19
6,14.3,0.026,0,5.19
6,14.4,0.0264,0,5.19
6,14.5,0.0269,0,5.19
6,14.6,0.0273,0,5.19
6,14.7,0.0277,0,5.19
6,14.8,0.0281,0,5.18
6,14.9,0.0286,0,5.18
6,15,0.029,0,5.18
6,15.1,0.0295,0,5.18
6,15.2,0.0299,0,5.18
6,15.3,0.0304,0,5.18
6,15.4,0.0308,0,5.18
6,15.5,0.0313,0,5.18
6,15.6,0.0318,0,5.18
6,15.7,0.0322,0,5.18
6,15.8,0.0327,0,5.17
6,15.9,0.0332,0,5.17
6,16,0.0336,0,5.17
6,16.1,0.0341,0,5.17
6,16.2,0.0346,0,5.17
6,16.3,0.0351,0,5.17
6,16.4,0.0356,0,5.17
6,16.5,0.0361,0,5.17
6,16.6,0.0366,0,5.17
6,16.7,0.0371,0,5.16
6,16.8,0.0376,0,5.16
6,16.9,0.0381,0,5.16
6,17,0.0387,0,5.16
6,17.1,0.0392,0,5.16
6,17.2,0.0397,0,5.16
6,17.3,0.0402,0,5.16
6,17.4,0.0408,0,5.16
6,17.5,0.0413,0,5.15
6,17.6,0.0418,0,5.15
6,17.7,0.0424,0,5.15
6,17.8,0.0429,0,5.15
6,17.9,0.0435,0,5.15
6,18,0.044,0,5.15
6,18.1,0.0446,0,5.15
6,18.2,0.0451,0,5.15
6,18.3,0.0457,0,5.14
6,18.4,0.0463,0,5.14
6,18.5,0.0468,0,5.14
6,18.6,0.0474,0,5.14
6,18.7,0.048,0,5.14
6,18.8,0.0486,0,5.14
6,18.9,0.0492,0,5.13
6,19,0.0497,0,5.13
6,19.1,0.0503,0,5.13
6,19.2,0.0509,0,5.13
6,19.3,0.0515,0,5.13
6,19.4,0.0521,0,5.13
6,19.5,0.0527,0,5.12
6,19.6,0.0533,0,5.12
6,19.7,0.0539,0,5.12
6,19.8,0.0545,0,5.12
6,19.9,0.0552,0,5.12
6,20,0.0558,0,5.12
6.5,-20,0.0589,0,5.12
6.5,-19.9,0.0583,0,5.13
6.5,-19.8,0.0576,0,5.13
6.5,-19.7,0.0569,0,5.13
6.5,-19.6,0.0563,0,5.13
6.5,-19.5,0.0556,0,5.13
6.5,-19.4,0.055,0,5.13
6.5,-19.3,0.0543,0,5.14
6.5,-19.2,0.0537,0,5.14
6.5,-19.1,0.053,0,5.14
6.5,-19,0.0524,0,5.14
6.5,-18.9,0.0518,0,5.14
6.5,-18.8,0.0511,0,5.14
6.5,-18.7,0.0505,0,5.15
6.5,-18.6,0.0499,0,5.15
6.5,-18.5,0.0493,0,5.15
6.5,-18.4,0.0486,0,5.15
6.5,-18.3,0.048,0,5.15
6.5,-18.2,0.0474,0,5.15
6.5,-18.1,0.0468,0,5.15
6.5,-18,0.0462,0,5.16
6.5,-17.9,0.0456,0,5.16
6.5,-17.8,0.045,0,5.16
6.5,-17.7,0.0444,0,5.16
6.5,-17.6,0.0439,0,5.16
6.5,-17.5,0.0433,0,5.16
6.5,-17.4,0.0427,0,5.16
6.5,-17.3,0.0421,0,5.16
6.5,-17.2,0.0416,0,5.17
6.5,-17.1,0.041,0,5.17
6.5,-17,0.0404,0,5.17
6.5,-16.9,0.0399,0,5.17
6.5,-16.8,0.0393,0,5.17
6.5,-16.7,0.0388,0,5.17
6.5,-16.6,0.0382,0,5.17
6.5,-16.5,0.0377,0,5.17
6.5,-16.4,0.0372,0,5.17
6.5,-16.3,0.0366,0,5.18
6.5,-16.2,0.0361,0,5.18
6.5,-16.1,0.0356,0,5.18
6.5,-16,0.0351,0,5.18
6.5,-15.9,0.0345,0,5.18
6.5,-15.8,0.034,0,5.18
6.5,-15.7,0.0335,0,5.18
6.5,-15.6,0.033,0,5.18
6.5,-15.5,0.0325,0,5.18
6.5,-15.4,0.032,0,5.18
6.5,-15.3,0.0315,0,5.19
6.5,-15.2,0.031,0,5.19
6.5,-15.1,0.0306,0,5.19
6.5,-15,0.0301,0,5.19
6.5,-14.9,0.0296,0,5.19
6.5,-14.8,0.0291,0,5.19
6.5,-14.7,0.0287,0,5.19
6.5,-14.6,0.0282,0,5.19
6.5,-14.5,0.0278,0,5.19
6.5,-14.4,0.0273,0,5.19
6.5,-14.3,0.0269,0,5.19
6.5,-14.2,0.0264,0,5.19
6.5,-14.1,0.026,0,5.2
6.5,-14,0.0255,0,5.2
6.5,-13.9,0.0251,0,5.2
6.5,-13.8,0.0247,0,5.2
6.5,-13.7,0.0243,0,5.2
6.5,-13.6,0.0238,0,5.2
6.5,-13.5,0.0234,0,5.2
6.5,-13.4,0.023,0,5.2
6.5,-13.3,0.0226,0,5.2
6.5,-13.2,0.0222,0,5.2
6.5,-13.1,0.0218,0,5.2
6.5,-13,0.0214,0,5.2
6.5,-12.9,0.021,0,5.2
6.5,-12.8,0.0207,0,5.2
6.5,-12.7,0.0203,0,5.2
6.5,-12.6,0.0199,0,5.2
6.5,-12.5,0.0195,0,5.21
6.5,-12.4,0.0192,0,5.21
6.5,-12.3,0.0188,0,5.21
6.5,-12.2,0.0185,0,5.21
6.5,-12.1,0.0181,0,5.21
6.5,-12,0.0178,0,5.21
6.5,-11.9,0.0174,0,5.21
6.5,-11.8,0.0171,0,5.21
6.5,-11.7,0.0167,0,5.21
6.5,-11.6,0.0164,0,5.21
6.5,-11.5,0.0161,0,5.21
6.5,-11.4,0.0158,0,5.21
6.5,-11.3,0.0154,0,5.21
6.5,-11.2,0.0151,0,5.21
6.5,-11.1,0.0148,0,5.21
6.5,-11,0.0145,0,5.21
6.5,-10.9,0.0142,0,5.21
6.5,-10.8,0.0139,0,5.21
6.5,-10.7,0.0136,0,5.21
6.5,-10.6,0.0133,0,5.21
6.5,-10.5,0.013,0,5.21
6.5,-10.4,0.0127,0,5.21
6.5,-10.3,0.0125,0,5.21
6.5,-10.2,0.0122,0,5.21
6.5,-10.1,0.0119,0,5.22
6.5,-10,0.0117,0,5.22
6.5,-9.9,0.0114,0,5.22
6.5,-9.8,0.0111,0,5.22
6.5,-9.7,0.0109,0,5.22
6.5,-9.6,0.0106,0,5.22
6.5,-9.5,0.0104,0,5.22
6.5,-9.4,0.0101,0,5.22
6.5,-9.3,0.0099,0,5.22
6.5,-9.2,0.00966,0,5.22
6.5,-9.1,0.00943,0,5.22
6.5,-9,0.0092,0,5.22
6.5,-8.9,0.00898,0,5.22
6.5,-8.8,0.00876,0,5.22
6.5,-8.7,0.00854,0,5.22
6.5,-8.6,0.00833,0,5.22
6.5,-8.5,0.00812,0,5.22
6.5,-8.4,0.00791,0,5.22
6.5,-8.3,0.00771,0,5.22
6.5,-8.2,0.00751,0,5.22
6.5,-8.1,0.00732,0,5.22
6.5,-8,0.00713,0,5.22
6.5,-7.9,0.00694,0,5.22
6.5,-7.8,0.00675,0,5.22
6.5,-7.7,0.00657,0,5.22
6.5,-7.6,0.00639,0,5.22
6.5,-7.5,0.00622,0,5.22
6.5,-7.4,0.00605,0,5.22
6.5,-7.3,0.00588,0,5.22
6.5,-7.2,0.00572,0,5.22
6.5,-7.1,0.00555,0,5.22
6.5,-7,0.0054,0,5.22
6.5,-6.9,0.00524,0,5.22
6.5,-6.8,0.00509,0,5.22
6.5,-6.7,0.00494,0,5.22
6.5,-6.6,0.00479,0,5.22
6.5,-6.5,0.00465,0,5.22
6.5,-6.4,0.00451,0,5.22
6.5,-6.3,0.00437,0,5.22
6.5,-6.2,0.00424,0,5.22
6.5,-6.1,0.00411,0,5.22
6.5,-6,0.00398,0,5.22
6.5,-5.9,0.00385,0,5.22
6.5,-5.8,0.00373,0,5.22
6.5,-5.7,0.00361,0,5.22
6.5,-5.6,0.00349,0,5.22
6.5,-5.5,0.00338,0,5.22
6.5,-5.4,0.00326,0,5.22
6.5,-5.3,0.00315,0,5.22
6.5,-5.2,0.00305,0,5.22
6.5,-5.1,0.00294,0,5.22
6.5,-5,0.00284,0,5.22
6.5,-4.9,0.00274,0,5.22
6.5,-4.8,0.00264,0,5.22
6.5,-4.7,0.00255,0,5.22
6.5,-4.6,0.00245,0,5.22
6.5,-4.5,0.00236,0,5.22
6.5,-4.4,0.00227,0,5.22
6.5,-4.3,0.00219,0,5.22
6.5,-4.2,0.0021,0,5.22
6.5,-4.1,0.00202,0,5.22
6.5,-4,0.00194,0,5.22
6.5,-3.9,0.00186,0,5.22
6.5,-3.8,0.00178,0,5.22
6.5,-3.7,0.00171,0,5.22
6.5,-3.6,0.00163,0,5.22
6.5,-3.5,0.00156,0,5.22
6.5,-3.4,0.00149,0,5.22
6.5,-3.3,0.00142,0,5.22
6.5,-3.2,0.00136,0,5.22
6.5,-3.1,0.00129,0,5.22
6.5,-3,0.00123,0,5.22
6.5,-2.9,0.00117,0,5.22
6.5,-2.8,0.00111,0,5.22
6.5,-2.7,0.00105,0,5.22
6.5,-2.6,0.000989,0,5.22
6.5,-2.5,0.000932,0,5.22
6.5,-2.4,0.000877,0,5.22
6.5,-2.3,0.000823,0,5.22
6.5,-2.2,0.00077,0,5.22
6.5,-2.1,0.000717,0,5.22
6.5,-2,0.000666,0,5.22
6.5,-1.9,0.000616,0,5.22
6.5,-1.8,0.000567,0,5.22
6.5,-1.7,0.000519,0,5.22
6.5,-1.6,0.000472,0,5.22
6.5,-1.5,0.000425,0,5.22
6.5,-1.4,0.000379,0,5.22
6.5,-1.3,0.000334,0,5.22
6.5,-1.2,0.000289,0,5.22
6.5,-1.1,0.000245,0,5.22
6.5,-1,0.000202,0,5.22
6.5,-0.9,0.000159,0,5.22
6.5,-0.8,0.000116,0,5.22
6.5,-0.7,7.4e-05,0,5.22
6.5,-0.6,3.2e-05,0,5.22
6.5,-0.5,9.6e-06,0,5.22
6.5,-0.4,5.1e-05,0,5.22
6.5,-0.3,9.23e-05,0,5.22
6.5,-0.2,0.000133,0,5.22
6.5,-0.1,0.000174,0,5.22
6.5,0,0.000216,0,5.22
6.5,0.1,0.000257,0,5.22
6.5,0.2,0.000298,0,5.22
6.5,0.3,0.000339,0,5.22
6.5,0.4,0.000381,0,5.22
6.5,0.5,0.000422,0,5.22
6.5,0.6,0.000465,0,5.22
6.5,0.7,0.000507,0,5.22
6.5,0.8,0.00055,0,5.22
6.5,0.9,0.000593,0,5.22
6.5,1,0.000637,0,5.22
6.5,1.1,0.000681,0,5.22
6.5,1.2,0.000726,0,5.22
6.5,1.3,0.000771,0,5.22
6.5,1.4,0.000818,0,5.22
6.5,1.5,0.000865,0,5.22
6.5,1.6,0.000912,0,5.22
6.5,1.7,0.000961,0,5.22
6.5,1.8,0.00101,0,5.22
6.5,1.9,0.00106,0,5.22
6.5,2,0.00111,0,5.22
6.5,2.1,0.00117,0,5.22
6.5,2.2,0.00122,0,5.22
6.5,2.3,0.00127,0,5.22
6.5,2.4,0.00133,0,5.22
6.5,2.5,0.00139,0,5.22
6.5,2.6,0.00145,0,5.22
6.5,2.7,0.00151,0,5.22
6.5,2.8,0.00157,0,5.22
6.5,2.9,0.00163,0,5.22
6.5,3,0.00169,0,5.22
6.5,3.1,0.00176,0,5.22
6.5,3.2,0.00183,0,5.22
6.5,3.3,0.0019,0,5.22
6.5,3.4,0.00197,0,5.22
6.5,3.5,0.00204,0,5.22
6.5,3.6,0.00211,0,5.22
6.5,3.7,0.00219,0,5.22
6.5,3.8,0.00227,0,5.22
6.5,3.9,0.00235,0,5.22
6.5,4,0.00243,0,5.22
6.5,4.1,0.00251,0,5.22
6.5,4.2,0.0026,0,5.22
6.5,4.3,0.00268,0,5.22
6.5,4.4,0.00277,0,5.22
6.5,4.5,0.00287,0,5.22
6.5,4.6,0.00296,0,5.22
6.5,4.7,0.00306,0,5.22
6.5,4.8,0.00316,0,5.22
6.5,4.9,0.00326,0,5.22
6.5,5,0.00336,0,5.22
6.5,5.1,0.00347,0,5.22
6.5,5.2,0.00358,0,5.22
6.5,5.3,0.00369,0,5.22
6.5,5.4,0.0038,0,5.22
6.5,5.5,0.00392,0,5.22
6.5,5.6,0.00404,0,5.22
6.5,5.7,0.00416,0,5.22
6.5,5.8,0.00428,0,5.22
6.5,5.9,0.00441,0,5.22
6.5,6,0.00454,0,5.22
6.5,6.1,0.00467,0,5.22
6.5,6.2,0.00481,0,5.22
6.5,6.3,0.00495,0,5.22
6.5,6.4,0.00509,0,5.22
6.5,6.5,0.00523,0,5.22
6.5,6.6,0.00538,0,5.22
6.5,6.7,0.00553,0,5.22
6.5,6.8,0.00568,0,5.22
6.5,6.9,0.00584,0,5.22
6.5,7,0.006,0,5.22
6.5,7.1,0.00616,0,5.22
6.5,7.2,0.00633,0,5.22
6.5,7.3,0.0065,0,5.22
6.5,7.4,0.00667,0,5.22
6.5,7.5,0.00685,0,5.22
6.5,7.6,0.00703,0,5.22
6.5,7.7,0.00721,0,5.22
6.5,7.8,0.00739,0,5.22
6.5,7.9,0.00758,0,5.22
6.5,8,0.00778,0,5.22
6.5,8.1,0.00797,0,5.22
6.5,8.2,0.00817,0,5.22
6.5,8.3,0.00838,0,5.22
6.5,8.4,0.00858,0,5.22
6.5,8.5,0.0088,0,5.22
6.5,8.6,0.00901,0,5.22
6.5,8.7,0.00923,0,5.22
6.5,8.8,0.00945,0,5.22
6.5,8.9,0.00968,0,5.22
6.5,9,0.0099,0,5.22
6.5,9.1,0.0101,0,5.22
6.5,9.2,0.0104,0,5.22
6.5,9.3,0.0106,0,5.22
6.5,9.4,0.0109,0,5.22
6.5,9.5,0.0111,0,5.22
6.5,9.6,0.0114,0,5.22
6.5,9.7,0.0116,0,5.21
6.5,9.8,0.0119,0,5.21
6.5,9.9,0.0121,0,5.21
6.5,10,0.0124,0,5.21
6.5,10.1,0.0127,0,5.21
6.5,10.2,0.013,0,5.21
6.5,10.3,0.0132,0,5.21
6.5,10.4,0.0135,0,5.21
6.5,10.5,0.0138,0,5.21
6.5,10.6,0.0141,0,5.21
6.5,10.7,0.0144,0,5.21
6.5,10.8,0.0147,0,5.21
6.5,10.9,0.015,0,5.21
6.5,11,0.0153,0,5.21
6.5,11.1,0.0156,0,5.21
6.5,11.2,0.0159,0,5.21
6.5,11.3,0.0163,0,5.21
6.5,11.4,0.0166,0,5.21
6.5,11.5,0.0169,0,5.21
6.5,11.6,0.0172,0,5.21
6.5,11.7,0.0176,0,5.21
6.5,11.8,0.0179,0,5.21
6.5,11.9,0.0183,0,5.21
6.5,12,0.0186,0,5.21
6.5,12.1,0.019,0,5.21
6.5,12.2,0.0193,0,5.2
6.5,12.3,0.0197,0,5.2
6.5,12.4,0.0201,0,5.2
6.5,12.5,0.0204,0,5.2
6.5,12.6,0.0208,0,5.2
6.5,12.7,0.0212,0,5.2
6.5,12.8,0.0216,0,5.2
6.5,12.9,0.022,0,5.2
6.5,13,0.0224,0,5.2
6.5,13.1,0.0228,0,5.2
6.5,13.2,0.0232,0,5.2
6.5,13.3,0.0236,0,5.2
6.5,13.4,0.024,0,5.2
6.5,13.5,0.0244,0,5.2
6.5,13.6,0.0248,0,5.2
6.5,13.7,0.0252,0,5.2
6.5,13.8,0.0257,0,5.19
6.5,13.9,0.0261,0,5.19
6.5,14,0.0265,0,5.19
6.5,14.1,0.027,0,5.19
6.5,14.2,0.0274,0,5.19
6.5,14.3,0.0279,0,5.19
6.5,14.4,0.0283,0,5.19
6.5,14.5,0.0288,0,5.19
6.5,14.6,0.0292,0,5.19
6.5,14.7,0.0297,0,5.19
6.5,14.8,0.0302,0,5.19
6.5,14.9,0.0306,0,5.19
6.5,15,0.0311,0,5.19
6.5,15.1,0.0316,0,5.18
6.5,15.2,0.0321,0,5.18
6.5,15.3,0.0326,0,5.18
6.5,15.4,0.0331,0,5.18
6.5,15.5,0.0336,0,5.18
6.5,15.6,0.0341,0,5.18
6.5,15.7,0.0346,0,5.18
6.5,15.8,0.0351,0,5.18
6.5,15.9,0.0356,0,5.18
6.5,16,0.0361,0,5.18
6.5,16.1,0.0367,0,5.17
6.5,16.2,0.0372,0,5.17
6.5,16.3,0.0377,0,5.17
6.5,16.4,0.0383,0,5.17
6.5,16.5,0.0388,0,5.17
6.5,16.6,0.0393,0,5.17
6.5,16.7,0.0399,0,5.17
6.5,16.8,0.0405,0,5.17
6.5,16.9,0.041,0,5.17
6.5,17,0.0416,0,5.16
6.5,17.1,0.0421,0,5.16
6.5,17.2,0.0427,0,5.16
6.5,17.3,0.0433,0,5.16
6.5,17.4,0.0439,0,5.16
6.5,17.5,0.0444,0,5.16
6.5,17.6,0.045,0,5.16
6.5,17.7,0.0456,0,5.16
6.5,17.8,0.0462,0,5.15
6.5,17.9,0.0468,0,5.15
6.5,18,0.0474,0,5.15
6.5,18.1,0.048,0,5.15
6.5,18.2,0.0486,0,5.15
6.5,18.3,0.0492,0,5.15
6.5,18.4,0.0498,0,5.15
6.5,18.5,0.0505,0,5.14
6.5,18.6,0.0511,0,5.14
6.5,18.7,0.0517,0,5.14
6.5,18.8,0.0523,0,5.14
6.5,18.9,0.053,0,5.14
6.5,19,0.0536,0,5.14
6.5,19.1,0.0543,0,5.13
6.5,19.2,0.0549,0,5.13
6.5,19.3,0.0555,0,5.13
6.5,19.4,0.0562,0,5.13
6.5,19.5,0.0569,0,5.13
6.5,19.6,0.0575,0,5.13
6.5,19.7,0.0582,0,5.12
6.5,19.8,0.0588,0,5.12
6.5,19.9,0.0595,0,5.12
6.5,20,0.0602,0,5.12
7,-20,0.0632,0,5.13
7,-19.9,0.0624,0,5.13
7,-19.8,0.0617,0,5.13
7,-19.7,0.061,0,5.13
7,-19.6,0.0603,0,5.13
7,-19.5,0.0596,0,5.14
7,-19.4,0.0589,0,5.14
7,-19.3,0.0582,0,5.14
7,-19.2,0.0575,0,5.14
7,-19.1,0.0568,0,5.14
7,-19,0.0561,0,5.14
7,-18.9,0.0554,0,5.15
7,-18.8,0.0547,0,5.15
7,-18.7,0.0541,0,5.15
7,-18.6,0.0534,0,5.15
7,-18.5,0.0527,0,5.15
7,-18.4,0.052,0,5.15
7,-18.3,0.0514,0,5.15
7,-18.2,0.0507,0,5.16
7,-18.1,0.0501,0,5.16
7,-18,0.0494,0,5.16
7,-17.9,0.0488,0,5.16
7,-17.8,0.0481,0,5.16
7,-17.7,0.0475,0,5.16
7,-17.6,0.0469,0,5.16
7,-17.5,0.0463,0,5.16
7,-17.4,0.0456,0,5.17
7,-17.3,0.045,0,5.17
7,-17.2,0.0444,0,5.17
7,-17.1,0.0438,0,5.17
7,-17,0.0432,0,5.17
7,-16.9,0.0426,0,5.17
7,-16.8,0.042,0,5.17
7,-16.7,0.0414,0,5.17
7,-16.6,0.0408,0,5.18
7,-16.5,0.0402,0,5.18
7,-16.4,0.0396,0,5.18
7,-16.3,0.0391,0,5.18
7,-16.2,0.0385,0,5.18
7,-16.1,0.0379,0,5.18
7,-16,0.0374,0,5.18
7,-15.9,0.0368,0,5.18
7,-15.8,0.0363,0,5.18
7,-15.7,0.0357,0,5.18
7,-15.6,0.0352,0,5.19
7,-15.5,0.0346,0,5.19
7,-15.4,0.0341,0,5.19
7,-15.3,0.0336,0,5.19
7,-15.2,0.0331,0,5.19
7,-15.1,0.0325,0,5.19
7,-15,0.032,0,5.19
7,-14.9,0.0315,0,5.19
7,-14.8,0.031,0,5.19
7,-14.7,0.0305,0,5.19
7,-14.6,0.03,0,5.19
7,-14.5,0.0295,0,5.19
7,-14.4,0.029,0,5.2
7,-14.3,0.0285,0,5.2
7,-14.2,0.0281,0,5.2
7,-14.1,0.0276,0,5.2
7,-14,0.0271,0,5.2
7,-13.9,0.0267,0,5.2
7,-13.8,0.0262,0,5.2
7,-13.7,0.0257,0,5.2
7,-13.6,0.0253,0,5.2
7,-13.5,0.0249,0,5.2
7,-13.4,0.0244,0,5.2
7,-13.3,0.024,0,5.2
7,-13.2,0.0235,0,5.2
7,-13.1,0.0231,0,5.2
7,-13,0.0227,0,5.2
7,-12.9,0.0223,0,5.2
7,-12.8,0.0219,0,5.21
7,-12.7,0.0215,0,5.21
7,-12.6,0.0211,0,5.21
7,-12.5,0.0207,0,5.21
7,-12.4,0.0203,0,5.21
7,-12.3,0.0199,0,5.21
7,-12.2,0.0195,0,5.21
7,-12.1,0.0191,0,5.21
7,-12,0.0187,0,5.21
7,-11.9,0.0184,0,5.21
7,-11.8,0.018,0,5.21
7,-11.7,0.0176,0,5.21
7,-11.6,0.0173,0,5.21
7,-11.5,0.0169,0,5.21
7,-11.4,0.0166,0,5.21
7,-11.3,0.0162,0,5.21
7,-11.2,0.0159,0,5.21
7,-11.1,0.0156,0,5.21
7,-11,0.0152,0,5.21
7,-10.9,0.0149,0,5.21
7,-10.8,0.0146,0,5.21
7,-10.7,0.0143,0,5.21
7,-10.6,0.014,0,5.21
7,-10.5,0.0137,0,5.22
7,-10.4,0.0134,0,5.22
7,-10.3,0.0131,0,5.22
7,-10.2,0.0128,0,5.22
7,-10.1,0.0125,0,5.22
7,-10,0.0122,0,5.22
7,-9.9,0.0119,0,5.22
7,-9.8,0.0116,0,5.22
7,-9.7,0.0114,0,5.22
7,-9.6,0.0111,0,5.22
7,-9.5,0.0108,0,5.22
7,-9.4,0.0106,0,5.22
7,-9.3,0.0103,0,5.22
7,-9.2,0.0101,0,5.22
7,-9.1,0.00982,0,5.22
7,-9,0.00958,0,5.22
7,-8.9,0.00934,0,5.22
7,-8.8,0.0091,0,5.22
7,-8.7,0.00887,0,5.22
7,-8.6,0.00865,0,5.22
7,-8.5,0.00842,0,5.22
7,-8.4,0.0082,0,5.22
7,-8.3,0.00799,0,5.22
7,-8.2,0.00778,0,5.22
7,-8.1,0.00757,0,5.22
7,-8,0.00737,0,5.22
7,-7.9,0.00717,0,5.22
7,-7.8,0.00697,0,5.22
7,-7.7,0.00678,0,5.22
7,-7.6,0.00659,0,5.22
7,-7.5,0.0064,0,5.22
7,-7.4,0.00622,0,5.22
7,-7.3,0.00604,0,5.22
7,-7.2,0.00587,0,5.22
7,-7.1,0.0057,0,5.22
7,-7,0.00553,0,5.22
7,-6.9,0.00537,0,5.22
7,-6.8,0.00521,0,5.22
7,-6.7,0.00505,0,5.22
7,-6.6,0.00489,0,5.22
7,-6.5,0.00474,0,5.22
7,-6.4,0.0046,0,5.22
7,-6.3,0.00445,0,5.22
7,-6.2,0.00431,0,5.22
7,-6.1,0.00417,0,5.22
7,-6,0.00404,0,5.22
7,-5.9,0.00391,0,5.22
7,-5.8,0.00378,0,5.22
7,-5.7,0.00365,0,5.22
7,-5.6,0.00353,0,5.22
7,-5.5,0.00341,0,5.22
7,-5.4,0.00329,0,5.22
7,-5.3,0.00317,0,5.22
7,-5.2,0.00306,0,5.22
7,-5.1,0.00295,0,5.22
7,-5,0.00285,0,5.22
7,-4.9,0.00274,0,5.22
7,-4.8,0.00264,0,5.22
7,-4.7,0.00254,0,5.22
7,-4.6,0.00245,0,5.22
7,-4.5,0.00235,0,5.22
7,-4.4,0.00226,0,5.22
7,-4.3,0.00217,0,5.22
7,-4.2,0.00208,0,5.22
7,-4.1,0.002,0,5.22
7,-4,0.00191,0,5.22
7,-3.9,0.00183,0,5.22
7,-3.8,0.00175,0,5.22
7,-3.7,0.00168,0,5.22
7,-3.6,0.0016,0,5.22
7,-3.5,0.00153,0,5.22
7,-3.4,0.00146,0,5.22
7,-3.3,0.00139,0,5.22
7,-3.2,0.00132,0,5.22
7,-3.1,0.00126,0,5.22
7,-3,0.00119,0,5.22
7,-2.9,0.00113,0,5.22
7,-2.8,0.00107,0,5.22
7,-2.7,0.00101,0,5.22
7,-2.6,0.000952,0,5.22
7,-2.5,0.000895,0,5.22
7,-2.4,0.00084,0,5.22
7,-2.3,0.000786,0,5.22
7,-2.2,0.000733,0,5.22
7,-2.1,0.000681,0,5.22
7,-2,0.000631,0,5.22
7,-1.9,0.000581,0,5.22
7,-1.8,0.000533,0,5.22
7,-1.7,0.000485,0,5.22
7,-1.6,0.000439,0,5.22
7,-1.5,0.000393,0,5.22
7,-1.4,0.000348,0,5.22
7,-1.3,0.000304,0,5.22
7,-1.2,0.00026,0,5.22
7,-1.1,0.000218,0,5.22
7,-1,0.000175,0,5.22
7,-0.9,0.000133,0,5.22
7,-0.8,9.21e-05,0,5.22
7,-0.7,5.11e-05,0,5.22
7,-0.6,1.05e-05,0,5.22
7,-0.5,2.98e-05,0,5.22
7,-0.4,6.98e-05,0,5.22
7,-0.3,0.00011,0,5.22
7,-0.2,0.000149,0,5.22
7,-0.1,0.000189,0,5.22
7,0,0.000229,0,5.22
7,0.1,0.000268,0,5.22
7,0.2,0.000308,0,5.22
7,0.3,0.000348,0,5.22
7,0.4,0.000388,0,5.22
7,0.5,0.000429,0,5.22
7,0.6,0.00047,0,5.22
7,0.7,0.000511,0,5.22
7,0.8,0.000552,0,5.22
7,0.9,0.000594,0,5.22
7,1,0.000637,0,5.22
7,1.1,0.00068,0,5.22
7,1.2,0.000724,0,5.22
7,1.3,0.000768,0,5.22
7,1.4,0.000814,0,5.22
7,1.5,0.00086,0,5.22
7,1.6,0.000907,0,5.22
7,1.7,0.000955,0,5.22
7,1.8,0.001,0,5.22
7,1.9,0.00105,0,5.22
7,2,0.0011,0,5.22
7,2.1,0.00116,0,5.22
7,2.2,0.00121,0,5.22
7,2.3,0.00126,0,5.22
7,2.4,0.00132,0,5.22
7,2.5,0.00138,0,5.22
7,2.6,0.00144,0,5.22
7,2.7,0.0015,0,5.22
7,2.8,0.00156,0,5.22
7,2.9,0.00162,0,5.22
7,3,0.00169,0,5.22
7,3.1,0.00175,0,5.22
7,3.2,0.00182,0,5.22
7,3.3,0.00189,0,5.22
7,3.4,0.00196,0,5.22
7,3.5,0.00204,0,5.22
7,3.6,0.00211,0,5.22
7,3.7,0.00219,0,5.22
7,3.8,0.00227,0,5.22
7,3.9,0.00235,0,5.22
7,4,0.00244,0,5.22
7,4.1,0.00252,0,5.22
7,4.2,0.00261,0,5.22
7,4.3,0.0027,0,5.22
7,4.4,0.00279,0,5.22
7,4.5,0.00289,0,5.22
7,4.6,0.00299,0,5.22
7,4.7,0.00309,0,5.22
7,4.8,0.00319,0,5.22
7,4.9,0.0033,0,5.22
7,5,0.0034,0,5.22
7,5.1,0.00351,0,5.22
7,5.2,0.00363,0,5.22
7,5.3,0.00374,0,5.22
7,5.4,0.00386,0,5.22
7,5.5,0.00398,0,5.22
7,5.6,0.00411,0,5.22
7,5.7,0.00424,0,5.22
7,5.8,0.00437,0,5.22
7,5.9,0.0045,0,5.22
7,6,0.00464,0,5.22
7,6.1,0.00478,0,5.22
7,6.2,0.00492,0,5.22
7,6.3,0.00506,0,5.22
7,6.4,0.00521,0,5.22
7,6.5,0.00537,0,5.22
7,6.6,0.00552,0,5.22
7,6.7,0.00568,0,5.22
7,6.8,0.00584,0,5.22
7,6.9,0.00601,0,5.22
7,7,0.00618,0,5.22
7,7.1,0.00635,0,5.22
7,7.2,0.00652,0,5.22
7,7.3,0.0067,0,5.22
7,7.4,0.00689,0,5.22
7,7.5,0.00707,0,5.22
7,7.6,0.00726,0,5.22
7,7.7,0.00746,0,5.22
7,7.8,0.00766,0,5.22
7,7.9,0.00786,0,5.22
7,8,0.00806,0,5.22
7,8.1,0.00827,0,5.22
7,8.2,0.00849,0,5.22
7,8.3,0.0087,0,5.22
7,8.4,0.00892,0,5.22
7,8.5,0.00915,0,5.22
7,8.6,0.00938,0,5.22
7,8.7,0.00961,0,5.22
7,8.8,0.00985,0,5.22
7,8.9,0.0101,0,5.22
7,9,0.0103,0,5.22
7,9.1,0.0106,0,5.22
7,9.2,0.0108,0,5.22
7,9.3,0.0111,0,5.22
7,9.4,0.0114,0,5.22
7,9.5,0.0116,0,5.22
7,9.6,0.0119,0,5.22
7,9.7,0.0122,0,5.22
7,9.8,0.0124,0,5.22
7,9.9,0.0127,0,5.22
7,10,0.013,0,5.22
7,10.1,0.0133,0,5.21
7,10.2,0.0136,0,5.21
7,10.3,0.0139,0,5.21
7,10.4,0.0142,0,5.21
7,10.5,0.0145,0,5.21
7,10.6,0.0148,0,5.21
7,10.7,0.0151,0,5.21
7,10.8,0.0155,0,5.21
7,10.9,0.0158,0,5.21
7,11,0.0161,0,5.21
7,11.1,0.0165,0,5.21
7,11.2,0.0168,0,5.21
7,11.3,0.0171,0,5.21
7,11.4,0.0175,0,5.21
7,11.5,0.0178,0,5.21
7,11.6,0.0182,0,5.21
7,11.7,0.0186,0,5.21
7,11.8,0.0189,0,5.21
7,11.9,0.0193,0,5.21
7,12,0.0197,0,5.21
7,12.1,0.0201,0,5.21
7,12.2,0.0204,0,5.21
7,12.3,0.0208,0,5.21
7,12.4,0.0212,0,5.21
7,12.5,0.0216,0,5.2
7,12.6,0.022,0,5.2
7,12.7,0.0224,0,5.2
7,12.8,0.0229,0,5.2
7,12.9,0.0233,0,5.2
7,13,0.0237,0,5.2
7,13.1,0.0241,0,5.2
7,13.2,0.0246,0,5.2
7,13.3,0.025,0,5.2
7,13.4,0.0254,0,5.2
7,13.5,0.0259,0,5.2
7,13.6,0.0263,0,5.2
7,13.7,0.0268,0,5.2
7,13.8,0.0272,0,5.2
7,13.9,0.0277,0,5.2
7,14,0.0282,0,5.2
7,14.1,0.0287,0,5.19
7,14.2,0.0291,0,5.19
7,14.3,0.0296,0,5.19
7,14.4,0.0301,0,5.19
7,14.5,0.0306,0,5.19
7,14.6,0.0311,0,5.19
7,14.7,0.0316,0,5.19
7,14.8,0.0321,0,5.19
7,14.9,0.0326,0,5.19
7,15,0.0331,0,5.19
7,15.1,0.0337,0,5.19
7,15.2,0.0342,0,5.19
7,15.3,0.0347,0,5.18
7,15.4,0.0352,0,5.18
7,15.5,0.0358,0,5.18
7,15.6,0.0363,0,5.18
7,15.7,0.0369,0,5.18
7,15.8,0.0374,0,5.18
7,15.9,0.038,0,5.18
7,16,0.0385,0,5.18
7,16.1,0.0391,0,5.18
7,16.2,0.0397,0,5.18
7,16.3,0.0403,0,5.17
7,16.4,0.0408,0,5.17
7,16.5,0.0414,0,5.17
7,16.6,0.042,0,5.17
7,16.7,0.0426,0,5.17
7,16.8,0.0432,0,5.17
7,16.9,0.0438,0,5.17
7,17,0.0444,0,5.17
7,17.1,0.045,0,5.17
7,17.2,0.0456,0,5.16
7,17.3,0.0463,0,5.16
7,17.4,0.0469,0,5.16
7,17.5,0.0475,0,5.16
7,17.6,0.0481,0,5.16
7,17.7,0.0488,0,5.16
7,17.8,0.0494,0,5.16
7,17.9,0.0501,0,5.16
7,18,0.0507,0,5.15
7,18.1,0.0514,0,5.15
7,18.2,0.052,0,5.15
7,18.3,0.0527,0,5.15
7,18.4,0.0533,0,5.15
7,18.5,0.054,0,5.15
7,18.6,0.0547,0,5.15
7,18.7,0.0554,0,5.14
7,18.8,0.056,0,5.14
7,18.9,0.0567,0,5.14
7,19,0.0574,0,5.14
7,19.1,0.0581,0,5.14
7,19.2,0.0588,0,5.14
7,19.3,0.0595,0,5.13
7,19.4,0.0602,0,5.13
7,19.5,0.0609,0,5.13
7,19.6,0.0616,0,5.13
7,19.7,0.0623,0,5.13
7,19.8,0.0631,0,5.13
7,19.9,0.0638,0,5.12
7,20,0.0645,0,5.12
