# energy [MeV] vs. diff. cs per electron [Mbarn / MeV]
2.05925e-06  0
2.18127e-06  0
2.31052e-06  0
2.44743e-06  0
2.59245e-06  0
2.74606e-06  0
2.90877e-06  0
3.08113e-06  0
3.2637e-06  0
3.45708e-06  0
3.66193e-06  0
3.87891e-06  0
4.10875e-06  0
4.35221e-06  0
4.61009e-06  0
4.88326e-06  0
5.17261e-06  0
5.47911e-06  0
5.80377e-06  0
6.14766e-06  0
6.51193e-06  0
6.89779e-06  0
7.30651e-06  0
7.73945e-06  0
8.19804e-06  0
8.6838e-06  0
9.19835e-06  0
9.74338e-06  0
1.03207e-05  0
1.09323e-05  0
1.158e-05  0
1.22662e-05  0
1.2993e-05  0
1.37629e-05  219.219
1.45784e-05  712.641
1.54422e-05  1139.42
1.63572e-05  1740.21
1.73265e-05  2064.38
1.83531e-05  2522.73
1.94406e-05  2851.73
2.05925e-05  2818.94
2.18127e-05  2666.1
2.31052e-05  2478.95
2.44743e-05  3026.32
2.59245e-05  3640.66
2.74606e-05  3178.3
2.90877e-05  2772.87
3.08113e-05  2421.03
3.2637e-05  2116.01
3.45708e-05  1848.12
3.66193e-05  1606.5
3.87891e-05  1382.47
4.10875e-05  1189.24
4.35221e-05  1024.85
4.61009e-05  881.553
4.88326e-05  757.224
5.17261e-05  646.62
5.47911e-05  552.704
5.80377e-05  472.737
6.14766e-05  404.342
6.51193e-05  342.839
6.89779e-05  290.519
7.30651e-05  247.942
7.73945e-05  211.923
8.19804e-05  181.256
8.6838e-05  154.818
9.19835e-05  131.868
9.74338e-05  112.607
0.000103207  95.3332
0.000109323  80.1587
0.0001158  67.5003
0.000122662  56.9064
0.00012993  47.9877
0.000137629  40.5147
0.000145784  34.2632
0.000154422  28.9828
0.000163572  24.5649
0.000173265  20.8927
0.000183531  17.7105
0.000194406  14.8125
0.000205925  12.3905
0.000218127  10.3917
0.000231052  8.74106
0.000244743  7.40053
0.000259245  6.30264
0.000274606  5.3649
0.000290877  9.16397
0.000308113  8.18891
0.00032637  6.92726
0.000345708  5.87064
0.000366193  4.98294
0.000387891  4.2212
0.000410875  3.56645
0.000435221  3.01818
0.000461009  2.55938
0.000488326  2.17471
0.000517261  1.85295
0.000547911  3.57844
0.000580377  3.91333
0.000614766  3.26133
0.000651193  2.71854
0.000689779  2.27032
0.000730651  1.90305
0.000773945  1.58996
0.000819804  1.32658
0.00086838  1.10991
0.000919835  0.932749
0.000974338  0.782334
0.00103207  0.656564
0.00109323  0.551906
0.001158  0.464738
0.00122662  0.392153
0.0012993  0.331391
0.00137629  0.280525
0.00145784  0.238013
0.00154422  0.202255
0.00163572  0.172191
0.00173265  0.146942
0.00183531  0.125631
0.00194406  0.107663
0.00205925  0.0924888
0.00218127  0.0796087
0.00231052  0.0686639
0.00244743  0.0593505
0.00259245  0.0514056
0.00274606  0.04461
0.00290877  0.0387856
0.00308113  0.0337817
0.0032637  0.0294738
0.00345708  0.0257566
0.00366193  0.0225426
0.00387891  0.0197577
0.00410875  0.0173405
0.00435221  0.0152395
0.00461009  0.0134105
0.00488326  0.0118147
0.00517261  0.0104202
0.00547911  0.00919967
0.00580377  0.00812963
0.00614766  0.00719002
0.00651193  0.00636392
0.00689779  0.0056367
0.00730651  0.00499573
0.00773945  0.00443024
0.00819804  0.00393081
0.0086838  0.00348931
0.00919835  0.00309874
0.00974338  0.00275294
0.0103207  0.00244657
0.0109323  0.002175
0.01158  0.0019341
0.0122662  0.00172031
0.012993  0.0015305
0.0137629  0.00136191
0.0145784  0.00121211
0.0154422  0.00107895
0.0163572  0.000960569
0.0173265  0.000855284
0.0183531  0.000761624
0.0194406  0.000678292
0.0205925  0.000604133
0.0218127  0.000538122
0.0231052  0.000479357
0.0244743  0.000427037
0.0259245  0.000380447
0.0274606  0.000338956
0.0290877  0.000302003
0.0308113  0.000269096
0.032637  0.000239787
0.0345708  0.000213674
0.0366193  0.000190408
0.0387891  0.000169678
0.0410875  0.000151207
0.0435221  0.000134748
0.0461009  0.000120082
0.0488326  0.000107013
0.0517261  9.53672e-05
0.0547911  8.49896e-05
0.0580377  7.57418e-05
0.0614766  6.75006e-05
0.0651193  6.01566e-05
0.0689779  5.36118e-05
0.0730651  4.77793e-05
0.0773945  4.25816e-05
0.0819804  3.79494e-05
0.086838  3.38212e-05
0.0919835  3.01423e-05
0.0974338  2.68635e-05
0.103207  2.39415e-05
0.109323  2.13374e-05
0.1158  1.90166e-05
0.122662  1.69482e-05
0.12993  1.51048e-05
0.137629  1.3462e-05
0.145784  1.19978e-05
0.154422  1.06929e-05
0.163572  9.52999e-06
0.173265  8.49352e-06
0.183531  7.56978e-06
0.194406  6.74652e-06
